11111,-0.6128405741373837
11112,-0.8149927587373609
11113,1.0288313362912556
11114,-0.6319873314740838
11121,-0.016102898926476344
11122,0.16502544226382615
11123,-0.05934612696727021
11124,0.38129100625733847
11131,0.18458259064885482
11132,0.6564508524340876
11133,-0.20017817510280383
11134,0.014878917829609872
11141,-0.032456425046557325
11142,4.461602164784574
11143,0.48
11144,0.27999999999999997
11151,0.05279999999999985
11152,0.2860317586353991
11153,0.5
11154,0.7701401808306447
11161,-0.2287472809839282
11162,-0.008478047665523292
11163,0.05852053762874243
11164,0.21074147649940395
11211,-0.7048713059892273
11212,-0.41984581598344595
11213,0.2356233898713438
11214,-0.4093497404895166
11221,-0.7599282836434534
11222,0.9132207904822751
11223,-1.0897781736699719
11224,-0.3785721633687261
11231,-0.7580491082013636
11232,0.607408688521178
11233,-0.7920892382064223
11234,-1.1030160824620847
11241,0.164823632054973
11242,0.04677887999999997
11243,0.08111603459226813
11244,0.12482407059693679
11251,0.089886455049289
11252,0.3640940221644268
11253,0.275760364540765
11254,0.442368
11261,0.019617970379390948
11262,-0.11296954695234478
11263,-0.11853756492467404
11264,-1.218530187620843
11311,-1.4124419754436215
11312,-1.975476488869805
11313,-1.5210258926715663
11314,-1.529886671788311
11321,-1.283983422158399
11322,-1.2318775436004457
11323,-1.2531679788894028
11324,-1.0504980886278483
11331,-0.5415234001493079
11332,1.0644736406327886
11333,-0.5970141043582842
11334,-0.3812231872883757
11341,0.27999999999999997
11342,0.7077964800000001
11343,0.5
11344,0.5
11351,0.48
11352,0.480448
11353,0.8814576639999999
11354,0.5
11361,-0.5357475184820818
11362,0.21063880755917236
11363,-0.36517339705388685
11364,-0.37365299200000013
12111,-0.5211444901459789
12112,0.2028692106175375
12113,0.8954348667910447
12114,0.31794853095287384
12121,0.47727230355498884
12122,0.38371727697207875
12123,0.18900370989201026
12124,0.4801714310215004
12131,-0.6069105795864366
12132,-0.11931144263218893
12133,1.3069891382620122
12134,-0.22385900211081772
12141,0.46508799999999995
12142,-0.1392000000000001
12143,0.90327501745458
12144,-0.2912
12151,0.13383094958717706
12152,-0.2032371832288109
12153,0.45358404616405357
12154,0.12576717318366187
12161,-0.4789897156183849
12162,-0.1959164895499532
12163,0.9166724857769227
12164,0.265711804204881
12211,-0.08395688164226432
12212,-0.34442156681658237
12213,-0.1340661981209935
12214,-0.41849000419922666
12221,-0.5339198007856567
12222,-0.2471980720223536
12223,-1.6928041874986834
12224,-0.7313031473262553
12231,-0.20807310451877126
12232,-0.5765463572740994
12233,-1.139770586563418
12234,-0.12125593629271372
12241,0.8029187254924511
12242,0.04863999999999996
12243,-0.13759962141250304
12244,0.15409497485389018
12251,0.10383945881075557
12252,0.06399999999999995
12253,-0.3039500811756193
12254,-0.345536896182998
12261,2.5733746695846067
12262,0.4549100116589301
12263,0.0252227338403751
12264,1.0273561623128296
12311,0.22794508996244323
12312,-1.5617348759502048
12313,-1.3016126462425306
12314,-1.8583877835043645
12321,-1.7578463490308611
12322,-1.7808880307682013
12323,-1.8253095138025057
12324,-1.7936024162668533
12331,-0.9159464416121419
12332,-0.6462561178615781
12333,-0.8702453841671997
12334,-0.8193888315336657
12341,0.9333581397788522
12342,0.07999999999999996
12343,0.07999999999999996
12344,0.24479999999999996
12351,0.4608
12352,0.15834231262520332
12353,0.056642500109748695
12354,0.4608
12361,-0.45845063467180996
12362,-0.005382321020806269
12363,-0.40460332728271287
12364,-0.39444518790232336
13111,0.02980655913773797
13112,0.8423550830380988
13113,-1.8889098905136672
13114,-5.264107226349499E-4
13121,0.20545173982633586
13122,-0.14092463934641167
13123,-0.21171200000000012
13124,-0.29065587270626303
13131,1.0626294813440689
13132,-0.28236047423873334
13133,-1.1678034599682432
13134,-0.10399019106022753
13141,0.04716178513087155
13142,0.026687999999999934
13143,-0.1200000000000001
13144,-0.13920802947072008
13151,-0.29662084175325926
13152,1.0208410849838678
13153,-0.20376779613884005
13154,0.11286989318366195
13161,0.18683636583285027
13162,-0.5723540594210575
13163,-0.21797382321372016
13164,0.227487010721383
13211,0.3041575581360599
13212,0.04437514566268591
13213,-0.5071147651568009
13214,-0.3255806122028382
13221,-0.622888152803793
13222,-0.1607492730641299
13223,-0.765687887814728
13224,-0.5996403062713225
13231,0.8807808085168956
13232,-0.20514761705551898
13233,-0.5383977339301264
13234,-0.22647973636339236
13241,2.5077623661718564
13242,-0.06881429796215327
13243,0.379738624
13244,-0.1576782497513472
13251,0.9906872740974951
13252,-1.3248751902325036
13253,-0.13445262447936673
13254,-0.1348839789595232
13261,0.9914729172169132
13262,-0.05576470764257474
13263,-0.10204948714383505
13264,0.009831303531023738
13311,0.4453374970789781
13312,-0.6156777330460406
13313,-0.3641948156422543
13314,-1.2558011109813831
13321,-0.7319862180533473
13322,-1.1959845964832576
13323,-0.6956463946408571
13324,-1.0949984229141332
13331,0.31025805778313487
13332,-1.5510960730605052
13333,-0.703542838363032
13334,-1.3434082403083538
13341,1.7696192200704
13342,0.5
13343,0.5
13344,0.5
13351,0.7817936691111418
13352,0.03693461517690744
13353,-0.1472000000000001
13354,0.08866642862170751
13361,0.33999513550572635
13362,0.12707769536821595
13363,-0.15522600385274443
13364,0.32707769536821596
14111,0.7655737639473399
14112,-0.7826532480502525
14113,-0.5058301256637923
14114,0.13709018770725465
14121,-0.16639232
14122,-0.20830204275378644
14123,-0.3578364705056791
14124,-0.154800643360146
14131,0.7874917397150445
14132,0.7122626698883938
14133,0.7007184565239261
14134,0.34059337351558433
14141,0.48
14142,-0.25426933935173507
14143,2.8400821118208603
14144,0.48
14151,0.1504203672026807
14152,0.7261211141434305
14153,0.27999999999999997
14154,0.4076863488
14161,-0.3381172054074577
14162,-0.2612064401465941
14163,-0.16045265755659954
14164,0.6245140140383065
14211,-0.7144356392198443
14212,-2.9400005756917387
14213,-0.15034756394421253
14214,-1.0355935568763317
14221,-0.6467645298368572
14222,-0.36310431321073355
14223,-0.47064696668468475
14224,-0.29864550605483897
14231,-0.33329526371647045
14232,-0.030165180983785123
14233,0.21266900763743654
14234,-0.4317128391647644
14241,0.6685880205182646
14242,0.27966110875648
14243,0.5644672024619618
14244,0.2822715821260801
14251,-1.0593849536638493
14252,-0.9100177294542302
14253,-0.6532999326287028
14254,-0.41999879994647743
14261,-0.24857500255176734
14262,-0.2561126200358649
14263,-0.22344375461235172
14264,-0.15669188419606353
14311,0.13726174449473671
14312,-0.9689986660780425
14313,-1.4859161405327388
14314,-1.1940661000795265
14321,-1.4402134093154615
14322,-0.7729507690703122
14323,-0.4071221540995304
14324,-1.29536
14331,-0.49608390719106715
14332,-1.3402110232634865
14333,0.6576449731599537
14334,-0.5966497344967774
14341,0.27999999999999997
14342,-0.20907783192867746
14343,0.48
14344,0.48
14351,-0.13395200000000007
14352,-0.12245060791401013
14353,-0.20686996562148868
14354,-0.1200000000000001
14361,-0.9226485252863584
14362,-1.0032961650560737
14363,-1.6635874339406194
14364,-0.9101178668122113
21111,-0.5796554204093081
21112,-0.8938331472176533
21113,-1.6903291353124508
21114,-0.6462296474895599
21121,-0.5726165975162333
21122,-0.4710262910187756
21123,-0.756640592053299
21124,-0.6653141918891334
21131,-0.34891151112594565
21132,-0.3937156579557383
21133,-0.5646509205372523
21134,0.06594693616679681
21141,0.33216427969488493
21142,1.495366352782551
21143,0.5350924580155052
21144,0.5
21151,0.679244147799605
21152,0.5
21153,0.4210478630969656
21154,1.1042943377970265
21161,0.9754967589777869
21162,0.3426141122158327
21163,0.12111385423620655
21164,0.3198909919957399
21211,-0.8309748619138385
21212,-0.8652416321352003
21213,-0.24767854515081367
21214,-0.5472935907736203
21221,-0.307506424068371
21222,-0.4412335779534775
21223,0.6715905144622178
21224,-0.3568979119725394
21231,-0.5198091584820568
21232,-0.21992678142646943
21233,-0.04173741255695518
21234,-0.42753294210711723
21241,0.7332566126357125
21242,0.5
21243,0.5
21244,0.5
21251,1.282791923169603
21252,0.13483157504
21253,0.10749440297361754
21254,0.3891146803176643
21261,0.23537353675897535
21262,0.5933081428392092
21263,0.44362882427298567
21264,0.3153410748099137
21311,-1.5667636061045276
21312,-1.524805715651208
21313,-1.4754812027918631
21314,-1.8345444682895977
21321,-0.2216111562456609
21322,0.058353464076576655
21323,0.2608682408315019
21324,-0.3966958427695708
21331,-0.18350123667407273
21332,-0.1495770180662502
21333,-0.051458742161569204
21334,-0.11912102975306194
21341,0.5
21342,0.5
21343,0.3057945353300583
21344,0.5
21351,0.07999999999999996
21352,0.3468035291893393
21353,0.5
21354,0.5152812291448297
21361,-0.22260011124545753
21362,-0.4699175999225903
21363,-0.040911314364133575
21364,0.06340607999999995
22111,0.061019395115626346
22112,0.07788560909617251
22113,0.282471157160804
22114,-0.3301737688739532
22121,-0.7488146403007176
22122,0.22843705445333445
22123,0.15583030415503463
22124,-0.48391326138106394
22131,-0.31993290604483304
22132,0.8123657729145966
22133,0.28032896274776387
22134,0.04819220503878735
22141,0.7137373515029111
22142,2.41603037566861
22143,0.5
22144,0.18295622525048516
22151,0.9142263289750536
22152,1.4150300226264771
22153,0.4731711456328542
22154,0.7918876223874131
22161,-0.08419003940352776
22162,0.3372452311686134
22163,0.9320599462341121
22164,0.2570952150240547
22211,-0.6999374162925441
22212,-2.272724600470425
22213,0.0863802531804363
22214,-0.7479310271236187
22221,-0.8206217854548594
22222,-0.40189404533279943
22223,-0.9214717964443234
22224,-0.8535100015230923
22231,-0.037003107314627484
22232,0.3616603097099427
22233,0.03684079508399757
22234,0.06705802626503614
22241,0.4973846632669594
22242,0.48
22243,1.5995188485489549
22244,0.5097864747581592
22251,-0.33018885306413587
22252,-0.5152000000000001
22253,-0.4660553328111409
22254,-0.4735983181119413
22261,0.29935465210557816
22262,-0.16554140270132242
22263,-0.11113354419198385
22264,0.3090758765016981
22311,-2.6152987152555167
22312,-2.331810004094537
22313,-0.7061741379081634
22314,-1.9909085201481307
22321,-1.3056343800914911
22322,-0.5481347822962399
22323,-1.6509182949799235
22324,-1.4647222119404504
22331,-0.26953614956562205
22332,-1.0054372727647354
22333,-0.17103654841526322
22334,-0.6177081701887698
22341,0.2607999999999999
22342,0.39051817070606937
22343,0.6612158458128643
22344,0.48
22351,0.29023999999999994
22352,0.41868799999999995
22353,0.5
22354,-0.1495606763476936
22361,-0.316791600885013
22362,0.256345200389114
22363,-0.10891607006793691
22364,0.02913511501272742
23111,0.579674188898245
23112,-0.018223352202770937
23113,0.0041488022460219875
23114,0.11194932643745087
23121,0.2621783060047814
23122,0.1362651758592
23123,-0.024069141390696158
23124,0.6628528340623521
23131,0.5265583588855396
23132,-0.3184130293858051
23133,0.08008701938473223
23134,0.4436050067638181
23141,0.33184
23142,3.356057128088425
23143,0.8323725998423801
23144,0.4277176113108595
23151,0.4027723399661089
23152,0.22741661544001923
23153,0.8306338164468332
23154,0.279943748301479
23161,-0.5314340373098344
23162,0.4925820991059848
23163,1.083410474987525
23164,0.11909322160454375
23211,-0.03042052752752672
23212,-0.20511818973615803
23213,0.1996409221499654
23214,-0.4337695460465091
23221,0.01909340771279039
23222,-0.06361626416899821
23223,-0.12275037149423865
23224,0.036937160241671874
23231,0.31109075720426016
23232,0.2638264853593643
23233,0.37344351168299256
23234,-0.02077598654909918
23241,1.4458565799799175
23242,2.380443269913396
23243,1.903927538498672
23244,0.5047380970085031
23251,0.052026122888564785
23252,0.4812301298538553
23253,0.38401532597385024
23254,0.6504249528841265
23261,0.27460498078949125
23262,0.1966033088666097
23263,0.1867147860595878
23264,0.14651672287520034
23311,-1.2741818389430257
23312,-0.8821169589076018
23313,-0.028056452349192018
23314,-0.56943766896542
23321,-0.32077752830592676
23322,-0.9337198093605299
23323,-1.1390778879372163
23324,-0.908708326040457
23331,0.9856710938745005
23332,-1.0576612167481205
23333,-0.871397550295443
23334,-0.22963089138405798
23341,0.35737377587200003
23342,0.5
23343,0.66121127936
23344,0.5
23351,0.22661150719999995
23352,0.25154070329518075
23353,-0.28146053120000003
23354,0.28985264267497424
23361,0.08944161812468543
23362,0.8390918055291453
23363,0.03667177018963286
23364,-0.020040590084098864
24111,0.762107183032113
24112,-0.23675661933138611
24113,-0.13592634533919526
24114,-1.5497850711307617
24121,-0.2213242336783931
24122,-0.3486576200183018
24123,-0.9231938138788713
24124,-0.29617701039417343
24131,0.1326904127044268
24132,0.1331283064563081
24133,-0.3043864666985946
24134,1.0932885842312277
24141,0.8632179712
24142,0.5
24143,0.5
24144,0.538114875392
24151,-0.03962524594975192
24152,-0.19215750423257444
24153,1.0845547693916016
24154,-0.225171007240273
24161,-0.11781740264568197
24162,0.23116382131871843
24163,-0.2790197923550982
24164,0.23604713297797666
24211,-0.2828183247743995
24212,-0.7609439662722783
24213,-0.34155287608165197
24214,-0.2274509530500028
24221,-1.1737047041864919
24222,-0.9439550787534383
24223,-0.8006114031685236
24224,-1.0237141739516968
24231,-0.1818329729180741
24232,0.07536082446990938
24233,-0.31187415932078566
24234,-0.539228673125797
24241,0.8196449969883137
24242,1.3882917744802719
24243,0.5
24244,0.5980486290800453
24251,0.49557569929829176
24252,1.084216015533105
24253,0.279840306175291
24254,0.5
24261,0.29467665864792597
24262,0.5149943883889716
24263,0.1770558564660597
24264,0.5275155074938632
24311,-1.1926741579451927
24312,-0.030487524304882857
24313,-0.3616971476351817
24314,-0.6886912121471307
24321,-0.2099277448278716
24322,-0.5626646796018988
24323,-0.6364404041942089
24324,-0.45268301221625906
24331,-0.2772861750916549
24332,-0.24913811580070855
24333,-0.12803151351961456
24334,-0.4537405908206471
24341,0.5
24342,0.9626384910581759
24343,0.5
24344,0.5
24351,-0.04038367812738092
24352,1.5965042519613657
24353,0.5
24354,0.5
24361,-0.3545014661707694
24362,0.09516463122223523
24363,-0.1731928726283445
24364,-0.09629288525612731
31111,0.0652328719698369
31112,-0.351914307477312
31113,-0.017053489744938033
31114,-0.48160434470264346
31121,-0.35830102575209133
31122,0.22492290088819425
31123,-0.5649411575984171
31124,-0.43663327243077543
31131,0.38280462286936046
31132,-0.38858057986073585
31133,-0.19852022550537332
31134,0.013291234895820958
31141,1.2288582532540229
31142,0.5737021440000002
31143,1.3695011577856
31144,1.103386624
31151,-1.056
31152,0.7375706399168752
31153,-4.311807161437031E-4
31154,1.9582463498320233
31161,0.09784388359006606
31162,0.47658256077094524
31163,-0.27472155412295884
31164,-0.6356546036306082
31211,-0.6227247141628394
31212,-0.6471386267163692
31213,-1.029342370377333
31214,-0.26627091208303016
31221,-0.5564704783884651
31222,0.5022334252221815
31223,-0.1991633384731699
31224,-0.03048683302348182
31231,-0.21877627242427755
31232,-0.37363285722216455
31233,-0.22599400165316116
31234,0.2519766380800035
31241,0.48
31242,1.1842161211031852
31243,0.6448
31244,0.5
31251,0.6522432836124932
31252,0.23536093712859513
31253,0.35486179688140024
31254,0.4780975960003961
31261,0.08134174898322633
31262,-0.33833941243990323
31263,0.06879999999999994
31264,0.1917996111312391
31311,-0.6148259740738398
31312,-0.6908188288267895
31313,-0.2334916179657094
31314,-1.1203939784318424
31321,-1.3949572428842902
31322,-1.1802750099919308
31323,-1.2670987601873394
31324,-0.6333540034389467
31331,-1.01690174696438
31332,-1.3840484389992573
31333,-1.5937522482634197
31334,-0.31020141736412316
31341,0.5
31342,0.5
31343,0.5
31344,0.5
31351,0.48
31352,0.327331559939849
31353,0.20472238173912094
31354,0.6758600513081163
31361,0.1965826259369732
31362,-0.3605422084460879
31363,-0.13294972662433502
31364,-0.2034399686627543
32111,-0.6775441392217898
32112,-0.05570926840653567
32113,-0.18022669626372348
32114,0.3344391495609058
32121,-0.2168056969606883
32122,0.11273725591551992
32123,0.031734932710439784
32124,-0.23942073473163883
32131,1.3287974120239288
32132,0.47203641415090913
32133,0.07999999999999996
32134,0.1461199915999741
32141,-0.31999999999999995
32142,0.07999999999999996
32143,0.01205755087914423
32144,-0.4832000000000001
32151,0.8785398928867838
32152,0.0029363443778618326
32153,0.052923293345014666
32154,-0.1200000000000001
32161,-0.13802819130948243
32162,-0.03533779247104374
32163,0.31310243385576697
32164,-0.28149233517798017
32211,-0.4604495830068878
32212,-0.47425277676163535
32213,-0.6988247103633148
32214,-0.6251710714878561
32221,-0.6780248711048151
32222,-0.15334315265339205
32223,-0.45182855581260856
32224,-0.4726064394840271
32231,-0.9815690700077953
32232,-1.2247172379563345
32233,-0.47754741586672306
32234,0.2735559413518276
32241,0.27999999999999997
32242,0.4864903135382582
32243,-0.021176558394299105
32244,0.5
32251,0.19914942645489941
32252,0.09449904495036326
32253,0.3910577153555792
32254,-0.9523609881018336
32261,-0.1953164371093281
32262,-1.0989631697826923
32263,-1.1402641598467103
32264,-1.0048398109042942
32311,-1.161878908869539
32312,-1.3805686239881416
32313,-1.779086134290838
32314,-1.9396753264745823
32321,-0.10827610287875908
32322,-1.3287718658091463
32323,-2.1600573673315235
32324,-1.3660196125218915
32331,-0.4523806074048816
32332,-1.0630497273954669
32333,-0.8420876435740776
32334,-0.6336852436320044
32341,0.4340504014994676
32342,0.48
32343,0.1260275858948906
32344,0.48
32351,0.48
32352,0.27999999999999997
32353,0.854392726786873
32354,0.5
32361,-0.3445665494442503
32362,0.3337166615090649
32363,0.05646080000000003
32364,-0.010923338490935158
33111,0.4867768633073516
33112,-0.4600190835430821
33113,-0.44956646373662734
33114,-1.9108076112794463
33121,-1.057296580452275
33122,-0.7631747809666969
33123,-1.0858000808668387
33124,-1.000685894821106
33131,-0.8019296272876171
33132,-0.8493008628278716
33133,1.1387536772009688
33134,0.1310766960869818
33141,-0.157632
33142,0.391168
33143,-0.7358637950632407
33144,2.012385591593534
33151,0.1607963616989744
33152,0.05279999999999985
33153,-0.021671533579061958
33154,0.21194239999999986
33161,-1.4753032128343926
33162,-1.5131070036945233
33163,-0.7391835168422594
33164,-0.8542655832285306
33211,0.6093217147254031
33212,-0.24191939906757606
33213,-0.4962966593077637
33214,-0.3121560604636656
33221,0.8000860155556329
33222,-1.3411539784887352
33223,-1.0011128448361861
33224,-0.752784533284908
33231,0.7674963907598622
33232,0.21519758762905877
33233,-0.21345047559291458
33234,-0.6130541429118662
33241,0.32770263531813637
33242,0.48
33243,0.5
33244,0.1514215233883735
33251,-0.30965164016669416
33252,0.446657207005533
33253,0.39312553018438967
33254,0.3525692757954341
33261,-0.13637697636238927
33262,2.3653920522976577
33263,-0.3978875141567718
33264,-0.6123520000000002
33311,-1.169053088884834
33312,-1.345457369395685
33313,-1.788796139904179
33314,-2.2967837245966187
33321,-1.1196223009128676
33322,-0.7575540569219017
33323,-1.4672138929890877
33324,-1.3182408844158764
33331,-0.5449639982726607
33332,-1.308973120523032
33333,-0.24987167852158154
33334,-0.9315303998049311
33341,0.27999999999999997
33342,0.5
33343,0.5
33344,-0.01600000000000007
33351,0.27999999999999997
33352,0.48
33353,0.07679999999999998
33354,0.5
33361,-0.822277439488
33362,-0.5456558062037622
33363,-0.21423943861579803
33364,-0.4557333296430234
34111,0.21917762508582544
34112,-0.5111183504689952
34113,-0.6501551688039098
34114,-0.30485701753707506
34121,-0.6242899106439831
34122,-0.8406816126212602
34123,-0.5165386396985332
34124,-0.5217128315637343
34131,0.1460581734102488
34132,0.2846584456993527
34133,0.2794325397810821
34134,-0.34203282908399424
34141,0.27999999999999997
34142,0.5464842942201338
34143,3.1175101134121572
34144,0.53184
34151,0.48
34152,-0.015266213687192165
34153,0.6002169952365058
34154,0.7572327788868205
34161,0.2419140674989
34162,0.24727496256405773
34163,0.16057270020138026
34164,0.1399790020199898
34211,-0.7826062894525703
34212,-0.47991427824369104
34213,-0.3209061035796553
34214,-1.0886182828372044
34221,-0.8367080152945501
34222,-0.2804939136211495
34223,-0.6776301864822101
34224,-0.7319993127428933
34231,0.3547416954336494
34232,1.4134102509422444
34233,-0.4639132083385711
34234,0.2891100920013493
34241,1.261453006047088
34242,0.48
34243,0.48
34244,0.44213247999999983
34251,0.46838684491029925
34252,0.48487010315067314
34253,-0.1200000000000001
34254,0.8654320550474441
34261,0.5486170981400335
34262,0.3602085380190935
34263,0.33520356811736807
34264,0.5
34311,-1.0516446853863106
34312,-1.0695944057832896
34313,-2.725603457175147
34314,-0.9753902913478094
34321,-0.7904149120278202
34322,-0.7896656965417602
34323,-0.825351282752085
34324,-1.071892533486276
34331,-0.8426445440170437
34332,0.7387875157188968
34333,-0.4034402532371524
34334,-0.10524837482255273
34341,0.20702208
34342,0.5
34343,0.5
34344,0.5
34351,-0.023316480000000084
34352,0.060799999999999965
34353,1.3960695955558935
34354,-0.11572992000000004
34361,0.49218417595329067
34362,1.2345621571696275
34363,1.0100734037190857
34364,0.5
41111,0.23597194825105056
41112,0.3981736834972668
41113,-0.0060773134003341
41114,-0.11192760139427685
41121,-0.5465816048856538
41122,-0.03033097039726665
41123,-0.046845287811790565
41124,0.0950514592188422
41131,0.6562035120374643
41132,0.4168825063236009
41133,-0.020051604040192197
41134,-0.10115673077261311
41141,-0.10049762200122647
41142,2.743574267992642
41143,0.1030122544421404
41144,-0.0875684490407945
41151,-0.4222572756705487
41152,0.8436459332722878
41153,0.08712260517391057
41154,0.11786910513638793
41161,0.0914144234444356
41162,-0.24092290012844772
41163,0.06024775213410777
41164,0.35697526174591054
41211,-1.0703003949433227
41212,-1.1001095608281206
41213,-1.1066983137230046
41214,-1.0095787048588796
41221,-1.4420334464950344
41222,-2.412678914829355
41223,-2.2937331812898694
41224,-1.33150503227497
41231,-0.22117727438613022
41232,0.0601308108742204
41233,-0.26534590547324954
41234,-1.3341563031276469
41241,2.024658198516653
41242,1.2066171844948166
41243,0.8949832935914515
41244,0.6998251844635732
41251,0.35819859020136186
41252,3.1115821246945257
41253,0.18212467377335156
41254,0.27999999999999997
41261,0.7164680304328377
41262,-0.5209938700062011
41263,-0.7810932250030411
41264,-0.6088090973580488
41311,-1.325952
41312,-0.3653223466933012
41313,-0.29002123958283654
41314,-0.6281657193945231
41321,-0.09799093460854394
41322,-0.32180453216762106
41323,-0.6712055920553655
41324,-0.15174994826894758
41331,-0.08298317912611548
41332,0.6898673596534161
41333,-0.5936169011263253
41334,-0.12569409372160012
41341,0.5
41342,0.5
41343,0.5
41344,0.5
41351,0.48
41352,0.2937756547107685
41353,0.5
41354,0.5
41361,0.7004967526973652
41362,0.12784725364547989
41363,-0.8792841584753815
41364,0.09409723898234593
42111,-0.2582598467949524
42112,-0.6302825789708385
42113,0.45258241075585953
42114,0.07251488865370903
42121,0.009079991136203447
42122,0.16630078486332897
42123,0.6113663710279724
42124,0.25596901452743537
42131,1.2652212767173208
42132,-0.6503897047455166
42133,-0.2494179292886583
42134,-0.6486042577103684
42141,0.6077341058060535
42142,0.034114600894421754
42143,0.5683793388510595
42144,1.1258614157006603
42151,0.9852284920081391
42152,0.37426849622132485
42153,0.5308512683275388
42154,0.2942087127777381
42161,0.6495870435430753
42162,-0.16865296813528857
42163,-0.5611494346745336
42164,-0.5508467435635381
42211,-1.4247758821316319
42212,-2.24428958834493
42213,0.10777972944100755
42214,-0.7367577604978881
42221,-1.1295180492707688
42222,-1.16298343966682
42223,-1.4710436043353754
42224,-2.3394318945601835
42231,-0.33508715030634195
42232,-1.3755767030018267
42233,-1.3227058679989798
42234,-0.20804062486486508
42241,-0.19017839083653396
42242,-0.1253248309066039
42243,0.5681777492501938
42244,-0.06798056939372765
42251,0.37152802040234256
42252,0.7410459577107775
42253,-0.1200000000000001
42254,0.7822149643081422
42261,0.1875723082433604
42262,-0.3425984165424635
42263,-0.4750072839920557
42264,-0.19625826502765917
42311,-0.7167502488130245
42312,-1.8876823088458312
42313,-2.1959507032155816
42314,-2.179541669182499
42321,-1.5432902908076171
42322,-2.0134049009003436
42323,-1.791965957822172
42324,-2.8791380132953988
42331,-1.0579120940803988
42332,-1.8215978433127447
42333,-0.7750922405936047
42334,-1.1815477048662053
42341,0.5
42342,0.5
42343,0.5
42344,0.5
42351,0.7943060513797171
42352,0.5
42353,-0.31999999999999995
42354,0.5
42361,0.03992831357316062
42362,0.07999999999999996
42363,0.02400000000000002
42364,-0.3042789468235468
43111,0.9330162686114761
43112,-0.35073201917223634
43113,0.30442204901989695
43114,-0.4121782493638589
43121,-0.028535513029669335
43122,0.10863338071867043
43123,0.08665050383010298
43124,0.10069009804488976
43131,-0.5296342165249455
43132,0.3084144555398346
43133,0.9024157526172483
43134,-0.5285860181692851
43141,0.44489843656966543
43142,0.14768524891413948
43143,0.2589367044540629
43144,0.48
43151,0.15051653169818768
43152,0.3632586503102668
43153,0.5588775248110883
43154,1.5454285668287957
43161,0.9158197979894557
43162,-0.1251512611444387
43163,0.4267605535230885
43164,-0.11504019820595947
43211,-0.28179890992671275
43212,-0.6283247838252836
43213,-1.278862296509013
43214,-1.0786468774887044
43221,-1.030445386069013
43222,-1.0029213398424903
43223,-1.2148072311275613
43224,-1.0338143587416693
43231,-0.7991660022246212
43232,-0.34346747587407783
43233,-0.6846750382171817
43234,-0.6541257711945319
43241,0.1393246389013908
43242,0.6380312730999664
43243,1.0876954568747905
43244,0.4934855027710766
43251,0.8469749703561815
43252,-0.5953193505188642
43253,0.3224868192396634
43254,-0.5955529639415864
43261,-0.3299910999342358
43262,-0.5600173289323824
43263,-0.3176988944582698
43264,-0.5867214887083977
43311,0.004144669912422128
43312,-0.4141650997823315
43313,-0.7339370239164371
43314,-0.8539031147642218
43321,-1.296850610963898
43322,-2.4533485567727276
43323,-1.7654503119934752
43324,-1.9936386112178677
43331,-0.5772315344387386
43332,-1.5645165049465564
43333,-0.22113399917896076
43334,-1.1820359557075695
43341,0.48
43342,0.48
43343,0.5
43344,0.5
43351,0.7620416646176241
43352,0.8671237510166463
43353,0.5
43354,0.5420937616857683
43361,0.23720990547221854
43362,0.7433429253441675
43363,0.313408
43364,0.5
44111,0.10701255255751493
44112,-0.10821941602705182
44113,-0.11335298418689335
44114,0.33833807815915695
44121,0.595175430014966
44122,0.7231862997838345
44123,0.5121512993443211
44124,0.5561871940606276
44131,0.7702493762232839
44132,-0.11885954816022082
44133,1.1036005987245634
44134,0.1865286489346914
44141,1.02217531227522
44142,0.07611063678831775
44143,0.33395958981209906
44144,0.5449368400282876
44151,0.6676225266182841
44152,0.42015055036117444
44153,1.460697534393038
44154,0.5280474359396173
44161,0.921196143467882
44162,0.3394675511764458
44163,0.5611590634648503
44164,0.7436402990348059
44211,-0.6464265130897222
44212,0.1113856482148895
44213,-0.7947784281280135
44214,0.07284830551537713
44221,-0.0021620517448005527
44222,-1.143334585193459
44223,-1.5983236216369456
44224,-1.6239694215534117
44231,0.6827306740004374
44232,-0.67305043124929
44233,-0.19469731231887855
44234,-0.1467416053491251
44241,0.08094647629502333
44242,2.0157081428004067
44243,2.060713884038119
44244,-0.9934404727788864
44251,0.04421369124322235
44252,-0.09016745857474104
44253,-0.196365897783318
44254,-0.17152342266516754
44261,0.23118551516901292
44262,0.01122269578819568
44263,-0.4795277899396786
44264,-0.26424311027988867
44311,0.08682409964883891
44312,-0.04555943435603438
44313,0.19866549151067253
44314,-0.6619551630904982
44321,-0.8163992383365353
44322,-1.548669970123711
44323,-0.29766530721705664
44324,-1.3452262344438612
44331,-0.4040925489471851
44332,-0.8378750118216076
44333,-0.48431587299952994
44334,-1.2608338951900255
44341,0.07999999999999996
44342,0.9409284460795466
44343,0.5
44344,0.5
44351,0.5
44352,0.5
44353,0.45279999999999987
44354,0.48
44361,0.8271008768
44362,0.5
44363,0.5
44364,0.48
51111,0.7437663937830435
51112,0.5966839822352865
51113,1.4766103205977674
51114,0.4235714508219581
51121,0.41454660682386724
51122,0.8462528236208011
51123,0.8159899786514089
51124,0.2556781677479787
51131,0.8251664998486548
51132,0.5401358685617539
51133,0.5827560070046908
51134,0.5790124344074267
51141,0.8462370198252614
51142,1.380673911230676
51143,2.0940781729017655
51144,0.5
51151,0.5131392971802585
51152,0.7114294327417859
51153,0.4050731625967793
51154,0.5059229619403708
51161,0.2107474191045775
51162,0.01891577470953737
51163,-0.3702136815329819
51164,1.1760038238685822
51211,-1.9206484614106936
51212,-1.3064357285878525
51213,-0.0675438421539847
51214,-1.2623374087803725
51221,-0.7491779310289992
51222,-1.1482672466266983
51223,-0.12580098090205272
51224,-1.0084863708689242
51231,-0.5861699448958307
51232,-0.24789830363321141
51233,0.3230298247918323
51234,-0.5543449280940164
51241,1.7535992104063567
51242,1.3368189885614177
51243,2.8695550338345357
51244,1.3567398458893063
51251,1.1358558907919387
51252,1.380034977084961
51253,0.4066068336551054
51254,0.16988355351664564
51261,-0.39826478212508964
51262,0.0029691354527121294
51263,-0.8573000583958775
51264,-0.3424689161022748
51311,-0.49638056640016026
51312,-0.39830930612021254
51313,-0.727758665701068
51314,-0.4766300919913662
51321,-0.06669306338450233
51322,-0.2246402693973136
51323,-0.8196381909060594
51324,0.3081924595808731
51331,0.18547064217296172
51332,0.09208663821528953
51333,-0.1205175701758576
51334,-0.1335389391224719
51341,0.5
51342,0.5
51343,0.5
51344,0.5
51351,1.1499234423225106
51352,0.5
51353,0.5
51354,0.5
51361,0.46133256522338084
51362,0.27999999999999997
51363,1.0157434997773032
51364,0.5
52111,0.9719659052311442
52112,0.06824979815939115
52113,1.5675947581597953
52114,1.0078293209983173
52121,1.0259199280786917
52122,0.43149117595020303
52123,1.3464939454283402
52124,0.693943745401883
52131,0.6501367318178006
52132,0.18375310691704316
52133,0.8895341917195683
52134,0.9890641144552965
52141,0.40223999999999993
52142,0.8333802933802518
52143,0.8298853376397457
52144,0.8276146498483925
52151,0.5533730917858207
52152,1.637358635992462
52153,1.2331535966765004
52154,0.6375892825910457
52161,1.0906863712053647
52162,0.38991542162649706
52163,0.9809412058392424
52164,0.48164534462502184
52211,-0.7517245115982423
52212,-0.6553146804585672
52213,-0.6047780057740757
52214,-0.632031631884477
52221,-0.7685868545861837
52222,-0.07925019778703787
52223,-1.9781805406021742
52224,-0.14522952428138355
52231,-0.41396749404199285
52232,0.7684341686699924
52233,-0.5454136322193726
52234,0.14214240683408547
52241,0.6676057300348552
52242,0.7947823606508155
52243,1.483842218552239
52244,0.8588537310869162
52251,0.24896495487660317
52252,0.7236348483131101
52253,0.4036547732590847
52254,0.8857814289676096
52261,-0.3575936876734512
52262,-0.3659940235715805
52263,-0.48052222732746747
52264,-0.35654276178355193
52311,-0.246207919890842
52312,-0.18440829327691183
52313,-0.04035398522035005
52314,5.40482859788239E-4
52321,0.019215851410456064
52322,0.6307994913452585
52323,-0.1565507704555773
52324,-0.4147269632000001
52331,0.31714142104440135
52332,0.11309995105877957
52333,0.6541158297739024
52334,0.10866650921110627
52341,0.5
52342,0.5
52343,0.5
52344,0.5
52351,0.48
52352,0.5
52353,0.5
52354,0.5
52361,0.71298538430317
52362,0.5
52363,0.5
52364,0.5
53111,0.6395490341500101
53112,0.800770020018326
53113,0.5630755282098683
53114,0.7739777287719406
53121,0.032808176365115106
53122,0.1852498091061621
53123,0.48354285399147645
53124,0.812266714480956
53131,0.37232474474576305
53132,0.7245980203877271
53133,1.5802460543809775
53134,0.8679550625967516
53141,0.328252792241366
53142,0.49319265559830483
53143,1.891905671450862
53144,1.5238497147241294
53151,1.9363532654000728
53152,0.7759384163814596
53153,0.8806207505361038
53154,1.1792347062492345
53161,0.23958877165012377
53162,1.358106510395286
53163,0.5736971363322538
53164,0.6767400722878413
53211,-1.1390222645447272
53212,-2.2509559029325357
53213,-0.615380018228205
53214,-1.1404146509725006
53221,-0.6191212918840231
53222,-0.6247079367553567
53223,-0.7135723992985243
53224,-0.5877027719123284
53231,-0.027257750933846525
53232,-0.6612322697227726
53233,-1.5612986447711767
53234,-0.5375456518930697
53241,0.6592964592796018
53242,0.43850941223612727
53243,4.0549513127749375
53244,1.1159329734910266
53251,0.5928473992572232
53252,1.1296558352068087
53253,1.3266869918843498
53254,1.3541467089491293
53261,0.21835086258206915
53262,0.17263024569843144
53263,0.46717564675924655
53264,-0.003521299818439072
53311,0.7192488401605882
53312,-0.32648681958925185
53313,-0.35345680343290553
53314,-0.5015786379381846
53321,0.27497951273028
53322,0.2688
53323,0.27999999999999997
53324,0.27999999999999997
53331,0.2967856574754908
53332,0.5
53333,0.5
53334,0.48844800000000005
53341,0.6857304565809423
53342,0.5
53343,0.5
53344,0.5
53351,0.849819130159619
53352,0.5
53353,0.5
53354,0.5
53361,0.27999999999999997
53362,0.6564864
53363,0.5
53364,0.5
54111,0.8670208804250634
54112,0.6053680231728997
54113,0.6131300536644113
54114,0.9006167347864839
54121,1.8270912954928307
54122,0.33662753003272944
54123,-0.1200000000000001
54124,0.30292357936308084
54131,0.3127590286031034
54132,1.297265855861716
54133,0.45341503970923863
54134,0.24035669787556474
54141,3.7537444115412746
54142,0.9350525076642825
54143,1.493274732295851
54144,0.6594088714117392
54151,0.5142232921030068
54152,1.1252610758856199
54153,0.4957607812090093
54154,0.2618506848753434
54161,0.666685160911278
54162,1.3716179393819024
54163,0.13766457035943544
54164,0.6354051333232693
54211,-0.7837885321311497
54212,-0.744624216985313
54213,-1.1879609448394484
54214,-0.7163041781196212
54221,-1.269968401068183
54222,-1.1878483726612195
54223,-1.61091808127185
54224,-1.186392717020071
54231,-0.41343708833994997
54232,-0.4855861931338791
54233,-0.9297976249149325
54234,-0.5203823632959304
54241,1.2890396662186778
54242,4.389873401006557
54243,4.239275911917738
54244,1.0242204066695886
54251,0.33294570644112725
54252,0.31518027495896583
54253,-0.012190998807616982
54254,0.3018367665958041
54261,-0.6058791180904214
54262,-0.714909169458139
54263,-0.6094682905312383
54264,0.12677597125958653
54311,0.9032833291922917
54312,0.019439878345880318
54313,-0.5847213451925982
54314,0.3107544673128432
54321,-0.06283125400283224
54322,0.002287900358971806
54323,-0.8315619605238325
54324,0.027524644697848936
54331,0.001085228657248971
54332,0.07883888467486472
54333,0.0830420297227547
54334,0.2544603291619519
54341,0.5
54342,0.5
54343,0.5
54344,0.5
54351,0.5
54352,0.5
54353,0.5
54354,0.5
54361,0.18620231523395026
54362,0.6211293285432644
54363,0.5
54364,0.5
61111,1.1239120180488928
61112,0.8762834712565661
61113,0.47513177946407253
61114,0.18118476116526877
61121,0.7570755745269848
61122,0.27999999999999997
61123,0.23549927792774739
61124,0.2615804846658797
61131,0.19214438373544104
61132,0.6667531340494876
61133,0.17359968541061066
61134,0.13294282559803366
61141,-0.1200000000000001
61142,0.45279999999999987
61143,0.5430339793590399
61144,0.6922438197901596
61151,0.4909120451824049
61152,0.16223999999999994
61153,0.34619128461525
61154,0.4078326946011754
61161,0.5913666139827694
61162,0.9875508217254392
61163,0.9654972201497938
61164,-0.22528520081463926
61211,-1.7835304049333924
61212,-1.5289316466553335
61213,-2.0506026706504
61214,-0.7218217385160959
61221,-1.2971821145812719
61222,-0.7476036609724175
61223,-1.0036013857777986
61224,-1.602658236436827
61231,0.6352222039843527
61232,-0.2627633242100773
61233,-0.1866680105593349
61234,-0.47909457521251364
61241,0.48
61242,0.2752767572011018
61243,0.5
61244,0.48
61251,0.9580941204140973
61252,0.6082319703747049
61253,0.4502154979794704
61254,0.4355584
61261,0.41990893592795064
61262,-0.7153360374421778
61263,-0.28122367732476583
61264,0.29439616571908767
61311,-2.1343577499857056
61312,-1.756784874802258
61313,-1.4060607751257481
61314,-1.3929853421660243
61321,-0.5178384875065938
61322,-1.196700089468699
61323,-1.3927041762143966
61324,-0.5324010452398158
61331,-1.4451180605441796
61332,-0.9347800015526198
61333,-0.26678731640272924
61334,-0.7894633255085493
61341,0.27999999999999997
61342,-0.16353236711798902
61343,0.5
61344,0.5
61351,0.5
61352,0.17757039074175274
61353,0.5
61354,0.5
61361,0.06879999999999994
61362,-0.31999999999999995
61363,-0.36671232000000004
61364,0.16061061746898175
62111,-0.8870410334350586
62112,-0.10970502986836726
62113,0.4001905845813181
62114,-0.4512577854915881
62121,-0.017281571285840652
62122,-0.09260435443107518
62123,-0.13796587984494008
62124,0.06569814339276184
62131,1.0422572384092694
62132,0.7246648015077695
62133,0.52318653380876
62134,-0.011679246199033821
62141,0.5645204692729403
62142,0.6831905865664699
62143,0.6896294414292886
62144,0.6625670928175478
62151,0.25430768146803967
62152,0.1805568639609189
62153,1.0893157117186223
62154,0.2911589352410914
62161,1.0646791013016608
62162,-0.19784353026798684
62163,-1.2208100832941509
62164,0.15321361074489387
62211,-0.35704267647361043
62212,-0.17685569580211608
62213,-0.9913844265020251
62214,-0.8611238079034534
62221,-0.5097651312383249
62222,-0.8220524869485963
62223,-0.8265759998652052
62224,-0.7726558616005889
62231,0.7456438432501202
62232,-0.9954378391720949
62233,-0.2741046603251652
62234,-0.30609802928017327
62241,0.7314041875638353
62242,-0.157632
62243,0.19695771448427318
62244,-0.3312
62251,0.9676327236043205
62252,0.4643316201348739
62253,-0.2155529580167619
62254,0.5548212357766913
62261,-0.41945532697222754
62262,-0.6181135332288593
62263,0.44645728450301236
62264,-0.5719647870084643
62311,-3.5502982010331685
62312,-2.29124959218643
62313,-1.8495401297055398
62314,-1.6581443507946962
62321,-0.7699058189321928
62322,-1.571762585986587
62323,-1.8311522179734387
62324,-1.1854085625288635
62331,-0.05561046561901307
62332,-0.6529972241583856
62333,-0.39271447859255676
62334,-0.6786410125420743
62341,0.37551703726841845
62342,0.5
62343,0.5
62344,0.5
62351,0.33715379975018867
62352,0.27999999999999997
62353,0.6799999999999999
62354,0.5
62361,0.8378660788407267
62362,-0.32415055992859654
62363,0.10880000000000001
62364,0.48
63111,0.9206413331797852
63112,-0.9304587571559191
63113,0.33566552964004187
63114,0.471831773850613
63121,0.8597782827026956
63122,0.7221531905929355
63123,0.45206694861720925
63124,-0.052110215947020144
63131,0.3559545347066637
63132,0.5175276884850023
63133,1.0760185955910984
63134,0.5
63141,0.35984069088358417
63142,2.142731932971998
63143,0.6759956794423779
63144,0.5
63151,0.6338602113638474
63152,0.48
63153,1.495398711573474
63154,0.5225201092359263
63161,0.4486321143086369
63162,0.41511694846379393
63163,0.06916568524768521
63164,0.3732443040128249
63211,0.12623511797850218
63212,-1.6342737185158103
63213,-0.7330814761969935
63214,-1.0212412523026013
63221,-1.8662337897833865
63222,-0.8593313293679304
63223,-1.6937631452358255
63224,-1.0613947808182105
63231,-0.6447671692419483
63232,0.9074008309504127
63233,-0.8432773962311864
63234,-1.1318219429703649
63241,2.189738600344919
63242,0.34596756026408165
63243,0.5
63244,0.5
63251,0.766114929378038
63252,0.13365146195262656
63253,0.3630504181166696
63254,0.02290706020421024
63261,-0.49140266871412125
63262,0.2746928499380642
63263,-0.9098142564254694
63264,-0.5686872097948144
63311,-1.6233576934614617
63312,-2.7229788940163613
63313,-1.9460496986236744
63314,-1.7724450600022879
63321,-1.0018281012041694
63322,-2.0289868695205056
63323,-1.5817052794110857
63324,-2.3689598191536376
63331,0.1224539332093103
63332,-1.0592482285276317
63333,-1.8165793950838705
63334,-1.955144170968468
63341,0.27999999999999997
63342,0.5
63343,0.5
63344,0.48
63351,1.4383339443739904
63352,0.5
63353,0.5
63354,0.5965918585407558
63361,0.662910536460934
63362,0.5
63363,0.6799999999999999
63364,0.5
64111,0.5537474229964008
64112,0.2564319230802529
64113,0.06030565283465217
64114,-0.3778937317577128
64121,0.16238050699131323
64122,0.285731912845393
64123,0.58510075835236
64124,0.08255457580840908
64131,-0.41362758219350204
64132,0.3252020182704531
64133,1.3241308646591121
64134,0.25538465213802475
64141,0.46663117332573495
64142,0.30879999999999996
64143,1.5119265209090982
64144,1.5409237630050319
64151,0.7081034965382255
64152,0.5
64153,0.5392111763229387
64154,0.8032384284663239
64161,0.5432446019455109
64162,0.07878544628082496
64163,0.1365767611848352
64164,-0.24758089503456734
64211,-1.7707750737939025
64212,-1.7636355072106813
64213,-0.15893093448096562
64214,-1.332878883977546
64221,-1.0563916182052848
64222,-1.8146160486897085
64223,-1.3846037058872454
64224,-2.5979333121692827
64231,-0.6388930269447073
64232,-0.47316297764137505
64233,-1.0988678135421153
64234,-0.8347189272414047
64241,0.2527999999999999
64242,-0.936
64243,4.2340812877943
64244,0.6096802146323834
64251,-0.7979037263220468
64252,-0.20262811213035292
64253,-0.22318268957684065
64254,0.03205832606199238
64261,0.09446804369939771
64262,0.11715556750578093
64263,1.257779324482825
64264,0.18309497410952533
64311,-0.48306099413369996
64312,-0.4698649802257836
64313,-0.8086386328954263
64314,-0.143533517743205
64321,-0.762943773720731
64322,-0.09184872072476524
64323,0.0916227349403933
64324,-1.0547461533116411
64331,-1.2838865560876043
64332,-1.092530530251524
64333,-1.4332679900974008
64334,-1.7888580225446495
64341,0.3237503999999999
64342,0.48
64343,0.48
64344,0.5
64351,0.10705627367795323
64352,0.5
64353,0.5
64354,0.48
64361,-0.3093151410869638
64362,0.3153659174719876
64363,-0.16102879562192296
64364,0.2587264
71111,-0.44536225944033003
71112,-0.412520506478495
71113,-0.6798505428868538
71114,-0.6138833012882287
71121,-0.4689824497307159
71122,-0.5527893719779913
71123,-0.11021070871441885
71124,-0.554319928664563
71131,-0.2805656999919891
71132,-0.26697881981527705
71133,0.14698128447963915
71134,0.03548509996053045
71141,0.07999999999999996
71142,0.5
71143,-0.06553702849121801
71144,0.713408
71151,0.27999999999999997
71152,0.3850100680133812
71153,0.5
71154,0.5097575840674572
71161,-0.37282526314580294
71162,0.1979929496985224
71163,-0.013108340170426669
71164,-0.11763630534223188
71211,-0.6896377533252647
71212,-0.20444997628825246
71213,-0.4345353548102277
71214,-1.466774816262568
71221,-0.5902877724707177
71222,-1.1072047649056258
71223,-0.9828335950161626
71224,-0.4414046156278489
71231,-0.21176010427657463
71232,-0.09895749921985347
71233,-0.18287258215682634
71234,0.6670926429374519
71241,0.24249858031358373
71242,0.27240343487743923
71243,0.772509184
71244,0.5
71251,-0.28865328308509486
71252,0.806470225455049
71253,0.28713016567743643
71254,0.6700287412737072
71261,-0.6787465802954682
71262,0.47351805527823787
71263,-0.028485300313403142
71264,0.17159250163795034
71311,-1.2970159448104606
71312,-1.249484670344341
71313,-1.7430712069923355
71314,-0.4620517401710808
71321,-1.1918861669563852
71322,-1.0965289332658172
71323,-1.6849327459233259
71324,-1.3984096889593125
71331,0.19227542623190128
71332,-0.8276832171068309
71333,-0.8860222176599246
71334,-0.8815487062204436
71341,0.48
71342,0.48
71343,0.08871254949887991
71344,0.48
71351,-0.15087571778068976
71352,0.5
71353,0.5
71354,0.5
71361,0.474052157182415
71362,-0.5840330863538059
71363,-0.6067131578039244
71364,-0.31999999999999995
72111,-0.10364419200583166
72112,0.40807952129594816
72113,-0.08791798699528336
72114,-0.011449941044930051
72121,-0.6533783794430936
72122,0.2608711698805629
72123,-0.30539545685111985
72124,-0.2522608092897473
72131,-0.4786536901434383
72132,-0.2072638308965781
72133,-0.8832414142741678
72134,-0.6408572970243989
72141,0.6310220799999999
72142,1.1924471808
72143,0.5
72144,0.5
72151,0.4514041315597281
72152,0.7611008045556835
72153,-0.3336340073493693
72154,0.5447878314866953
72161,0.6593465171123065
72162,-0.020961897548594427
72163,1.2430733886754943
72164,0.4425154845552045
72211,0.8213110835220695
72212,-1.4098513495571323
72213,-0.5154854494478818
72214,-0.549810995103917
72221,-0.5160860142957803
72222,-0.5140752254666502
72223,-0.26953676729537485
72224,-0.25755801113952237
72231,-0.22777645807406627
72232,-0.48650953715020023
72233,-0.7232214381940283
72234,0.25481033033620565
72241,0.43808499279607255
72242,0.2527999999999999
72243,-0.13859457143624304
72244,-0.157632
72251,0.982726284491446
72252,0.4001452527108173
72253,-0.3356723126866601
72254,0.21777502327043072
72261,1.6834390117499372
72262,-0.09116426455350882
72263,0.5843673834302481
72264,0.3290601389684984
72311,-1.0487103814615668
72312,-1.8507738437687866
72313,-2.4451420512975752
72314,-3.3237859492269517
72321,-1.083844904777515
72322,-1.2374674699467716
72323,-1.0900975472087786
72324,-1.8214368110373562
72331,-1.7683922626198554
72332,-1.2081015625612566
72333,-0.5271578741066015
72334,-1.1103051516135765
72341,0.6885991175946239
72342,0.5
72343,0.5
72344,0.5
72351,0.31506038705600825
72352,0.22403032727395272
72353,0.5
72354,0.5088
72361,-0.4959477878507025
72362,-0.2640921380188648
72363,-0.6830310510529276
72364,-0.5180921359306115
73111,-0.008612126791927854
73112,-0.34370157138058666
73113,0.3616070274379252
73114,-0.09652142870621316
73121,-0.4259549904470461
73122,-0.5174378227988975
73123,-0.34856384409059726
73124,-0.4994657248753172
73131,0.24609685024936778
73132,0.5083420783152661
73133,0.41664976394906755
73134,0.4216275657641767
73141,2.635396649914965
73142,0.04566346398639437
73143,0.4007390208
73144,-0.13191751969971524
73151,0.2884479999999999
73152,1.0233079834880252
73153,0.6559678315609865
73154,0.07534847999999994
73161,0.8652262220208321
73162,-0.3649036579791717
73163,1.4031894628009034
73164,0.6515474308587756
73211,-1.0587473436456374
73212,-0.2179054783281471
73213,-0.4920851868262943
73214,-0.7682230350694872
73221,-0.36277705018445283
73222,0.01532104088902364
73223,-0.018537676584803653
73224,-0.10176178745315123
73231,-0.43862990161497123
73232,-0.24667614544273941
73233,-0.7128709919506101
73234,0.011126214521589161
73241,0.8966977712175124
73242,-0.1200000000000001
73243,-0.1392000000000001
73244,-0.2628559474362431
73251,0.26050977867998776
73252,0.07999999999999996
73253,1.1371588637575905
73254,0.07999999999999996
73261,1.3831573591767754
73262,0.18541837405753842
73263,-0.3055440748801935
73264,0.23781703680000002
73311,-0.666238805753175
73312,-0.620453430098143
73313,-0.6424697392536958
73314,-0.7164754888693178
73321,-1.8227356324724768
73322,-1.5964607185403439
73323,-1.1543213324008046
73324,-1.4524229632
73331,-0.859812949306593
73332,-0.5673596423877663
73333,1.3224670897724753
73334,-1.8989560419437095
73341,0.27999999999999997
73342,-0.31999999999999995
73343,-0.2560000000000001
73344,0.5487847092729227
73351,0.3783074185497869
73352,0.24431793219741177
73353,0.8629497929200856
73354,-0.2912
73361,0.6046590614015895
73362,-1.2981690761216
73363,-0.13252504577638402
73364,-1.1911377854954115
74111,-0.05373900896062747
74112,-0.0977722571229897
74113,-0.12766174658457818
74114,-0.1442902389952115
74121,-0.5783122747618976
74122,-0.597608992841213
74123,-0.575363150011733
74124,-0.5313242503490396
74131,-0.07483507835518233
74132,0.47496343137341124
74133,-0.23840155045233
74134,-0.7966617300036707
74141,0.8150908622010964
74142,0.48
74143,0.48
74144,0.48
74151,0.2607999999999999
74152,0.27999999999999997
74153,0.2884479999999999
74154,0.693646549394658
74161,0.5414591089308232
74162,-0.09828981200055048
74163,-0.4273299867448718
74164,-0.06030334304608517
74211,-0.16778230743446115
74212,0.0983985623319969
74213,0.5417664473201933
74214,-0.28242568057026235
74221,0.11369004007803638
74222,0.31394224267971593
74223,-0.3860366537343457
74224,0.2714311824799776
74231,0.5590678366166364
74232,1.2461980425038428
74233,0.1542642575921851
74234,0.7911609367129743
74241,0.27999999999999997
74242,0.11340799999999995
74243,0.6799999999999999
74244,0.89064146944
74251,0.2918427831487399
74252,-0.4328213319896954
74253,0.013007267230298158
74254,-0.13647999877503514
74261,-0.19259353618864505
74262,-0.030509492676253303
74263,-0.0043512580594789185
74264,-0.15990956904721543
74311,-0.33712558963305567
74312,0.2171109357842172
74313,-0.7068233922821254
74314,-0.9525595909969258
74321,-0.27499920703269987
74322,-0.270082180055368
74323,-0.5739119450829598
74324,-0.28197213519872
74331,-0.6359853100165394
74332,0.06999491470624125
74333,0.9719307716683734
74334,-0.09709630637215613
74341,-0.1200000000000001
74342,0.48
74343,0.48
74344,0.48
74351,0.32357746346217203
74352,0.8168371102309457
74353,0.5
74354,-0.09685084160000001
74361,-0.1200000000000001
74362,0.052143690143039545
74363,0.4657137233949563
74364,0.1933058890404777
81111,0.5023554459592137
81112,0.6246489247534183
81113,-0.3001518303794237
81114,-0.24430628798994025
81121,0.44250347207641144
81122,-0.2576568448897735
81123,-0.4726090760233735
81124,-0.22947559423038308
81131,0.4752768323409277
81132,0.06783046780012564
81133,0.09578097752484185
81134,0.5500687558378883
81141,0.4807823100265075
81142,-0.31999999999999995
81143,-0.31999999999999995
81144,2.4671440130897486
81151,-0.12681539667884087
81152,0.6362452944315852
81153,1.345618036800556
81154,0.5736811711897957
81161,0.782014557091172
81162,0.4065776566312666
81163,0.7510884528373267
81164,1.120255688595222
81211,-0.3416639010683719
81212,0.26679448679478224
81213,-0.6712927527091099
81214,-0.8871864261799283
81221,-0.6565756912124127
81222,-0.8882369316719347
81223,-1.0734458606078328
81224,-1.0625464532255693
81231,-0.9506969487192953
81232,-1.2399797459590145
81233,-1.1606452554275466
81234,-0.3821615101035496
81241,0.48
81242,0.47306911284129916
81243,2.654208
81244,0.5
81251,0.11555252403365057
81252,1.4105443061541276
81253,0.70277888
81254,0.5
81261,-0.29915130213762875
81262,0.27587781639980297
81263,0.3814203252465522
81264,0.32756334597456227
81311,-1.1154960125040998
81312,0.018792485283999433
81313,-1.1123035904582566
81314,-1.4155365680913345
81321,-1.3652091786989997
81322,-1.1234739842098884
81323,-1.5602512521677947
81324,-1.2620756964126099
81331,-0.7653690685812742
81332,-1.2093527401789799
81333,-0.636263479453233
81334,0.20200817593731907
81341,0.5
81342,0.5
81343,0.5
81344,0.5
81351,-0.024078828810204456
81352,1.1862165669889464
81353,0.08044462079999998
81354,0.3346795864026
81361,-0.32959816590172747
81362,-0.3611054966342806
81363,-0.7412200129940075
81364,-0.17438456233277666
82111,-0.3112670442790133
82112,-1.049851257145281
82113,-1.0423210501472198
82114,-0.4954013601207848
82121,0.11741472675333234
82122,1.1359664113131136
82123,0.8008874173175482
82124,0.615213913140876
82131,-0.7780148175880833
82132,-0.1642308214520175
82133,0.4215556393270493
82134,-0.28025198314579924
82141,0.36069478949191675
82142,0.034367999999999954
82143,0.2607999999999999
82144,0.07999999999999996
82151,0.2634168308612437
82152,-0.40348668322575315
82153,1.9911710591121206
82154,-0.18428410227204373
82161,0.4574475108297054
82162,0.1488606887369464
82163,-0.034692573761444634
82164,-0.28056457450560807
82211,-0.5792071602791335
82212,-1.4103870331820048
82213,-1.454728463700231
82214,-1.5855648560245799
82221,-0.8489242266965935
82222,-1.6518325867510661
82223,-1.517109089766229
82224,-1.4767999956427396
82231,0.17851824871727973
82232,-0.7812926759612163
82233,-0.5866622628928282
82234,-0.3734056838973864
82241,0.797691162634552
82242,0.002889653531663039
82243,-0.23059737243552758
82244,-0.1028976554349339
82251,0.9617484874033395
82252,0.927693891768431
82253,1.889065878987227
82254,0.19619639177047346
82261,0.6858722513174846
82262,-0.5677402360647672
82263,-0.4476169540909696
82264,-0.47151055397665154
82311,-2.9291417984351997
82312,-1.0780856712850346
82313,-1.0162255953444401
82314,-1.0051691596554315
82321,-0.5493465608932356
82322,-0.2513915768807943
82323,-0.9173709845082301
82324,-0.488654454135407
82331,-0.5892448689509528
82332,-1.3582390148931744
82333,-0.3921851607203468
82334,-1.0521674149560347
82341,0.9481969200967687
82342,0.5
82343,0.5
82344,0.5
82351,0.4794592721637859
82352,0.7549326502694176
82353,0.5
82354,0.5
82361,0.16218649527615736
82362,-0.04230390668413825
82363,-0.12953478608569374
82364,-0.10614959175653889
83111,-0.5366711420872192
83112,-0.4586411556051959
83113,-0.4726421671194818
83114,-0.4475738448566635
83121,-0.49462177280970027
83122,-0.4294881644220496
83123,-0.44048655698180944
83124,-0.3138655663107079
83131,-0.5372434207161265
83132,0.3036775389471982
83133,-0.9735187072429913
83134,-0.7247961160176062
83141,2.322762238741707
83142,0.5
83143,0.9648058796419032
83144,0.5
83151,0.8849045896343957
83152,0.15750370555895313
83153,0.02154600602019585
83154,0.09629439999999995
83161,0.47089445170707306
83162,-0.2077563279256494
83163,0.23284452457321145
83164,-0.2838184847128737
83211,-1.0137927924040648
83212,-0.7478636599743108
83213,0.19203018371989572
83214,-1.1993283363524574
83221,-0.3960278496561985
83222,-1.0059445429219398
83223,-0.6783702096823855
83224,-0.2997351243171631
83231,-0.3304868709538946
83232,0.5156416336474269
83233,-0.7870223892101471
83234,-0.8978891685184913
83241,1.986709840935018
83242,0.6135609422643201
83243,0.897252172393487
83244,-0.4767901715415356
83251,0.45131154126398343
83252,-0.0946273847601582
83253,0.5
83254,0.544906561148177
83261,0.9707046970835371
83262,-0.6517906635559509
83263,-0.7925359053194181
83264,-0.45059685716400644
83311,-0.7096072827860107
83312,-1.152659900720071
83313,0.473631852530978
83314,-1.0428090345505143
83321,-1.1697981628281786
83322,-1.1948226973875093
83323,-0.36601173001161574
83324,-1.7420309929666917
83331,-0.5595452764061035
83332,-0.5773226788990633
83333,0.02924433277755778
83334,-0.7027314465145976
83341,-0.0071985766400000095
83342,-0.33704960000000006
83343,0.7171738482869368
83344,-0.07679017154153545
83351,-0.307733164032
83352,-0.274773164032
83353,0.5815896609870589
83354,-0.1173322752
83361,0.049251974779217556
83362,0.6990078981823084
83363,0.011040758371358705
83364,0.21564173470724352
84111,0.13150329029358102
84112,-0.629300322233449
84113,-0.29740420032848325
84114,-0.21427103307329692
84121,0.2862967514613678
84122,-0.053659325938093055
84123,-1.4267816175634702
84124,-0.11931863177345359
84131,0.38912192492832626
84132,1.3381652671456443
84133,0.7271804576237291
84134,-0.4260604681457466
84141,0.2925196930256089
84142,0.15955486076101144
84143,0.8528
84144,0.5
84151,1.3043235506158035
84152,0.5
84153,0.3317767854885276
84154,0.5
84161,0.2720783256081515
84162,1.2788536255349565
84163,0.4045554935838689
84164,-0.13496490609266742
84211,-0.8990036595744807
84212,-1.2758836726805138
84213,-1.190207786848764
84214,-1.1624288770084963
84221,-0.9216425351728065
84222,-0.8984429272789041
84223,-1.6162922814083285
84224,-0.9379431904031321
84231,0.5489250312577738
84232,-0.137372149159467
84233,-0.3479373650931778
84234,-0.1819042362228593
84241,0.2815999999999999
84242,0.44864
84243,0.07999999999999996
84244,0.833633077673228
84251,0.596845429757128
84252,0.3074567434695666
84253,1.498082534397697
84254,0.9545859371738894
84261,-0.7653784697146848
84262,-0.40162675431975586
84263,-0.32047311695332936
84264,0.14137104697969405
84311,-0.3393865264746341
84312,0.4043270269733028
84313,-0.20194847333916166
84314,-0.30173680997763236
84321,-1.102315613229023
84322,-0.854209720773859
84323,0.035437862958305144
84324,-0.7667945986075243
84331,-0.7342728633803413
84332,-1.1034139287045581
84333,0.3297739640651044
84334,-0.9848214477917312
84341,0.48
84342,-0.1200000000000001
84343,-0.1200000000000001
84344,0.48
84351,-0.17532672000000005
84352,0.7649420676610579
84353,0.43561254149019346
84354,9.884135322114906E-4
84361,-1.2368332841460603
84362,0.5851750311507007
84363,0.1219923004287897
84364,0.49362800498411213
91111,0.11938343815027848
91112,-0.6881034724752829
91113,-0.2565737455768218
91114,-1.0392401566080682
91121,-0.1933198874154245
91122,-0.2936407513339674
91123,-0.47730590629990033
91124,-0.7410106174168397
91131,0.1296296276469098
91132,0.46135607178008686
91133,0.2725614125489362
91134,0.30323447941188497
91141,0.27999999999999997
91142,0.48
91143,0.48
91144,-0.1200000000000001
91151,0.32364462079999995
91152,0.22135039999999995
91153,0.21203796630568683
91154,0.6132277248000001
91161,-0.5832003148761781
91162,0.2860319153424853
91163,-0.23050630568022085
91164,-0.2937477167152376
91211,-0.7370302662402574
91212,-0.973086659256029
91213,-1.0332797328435215
91214,-0.44339185991592484
91221,-0.4861643457012465
91222,-0.565735578907313
91223,-0.6011235563737243
91224,-0.32991682059776817
91231,-0.3822325184342266
91232,0.13998143426669865
91233,-0.7380928271910008
91234,0.207058894848
91241,0.6786231112464882
91242,0.7022483073312251
91243,0.5
91244,0.5
91251,0.0928
91252,0.16497881359473726
91253,-0.329276755299044
91254,0.25000281498291255
91261,-0.4634921158445975
91262,0.49030935388342534
91263,0.13463988225989504
91264,-0.10918271610387666
91311,-1.0437038264113876
91312,-0.4921763826735323
91313,0.3362546157980054
91314,-0.6807540998193441
91321,-0.5494277262034901
91322,-0.20399690509973878
91323,-0.6588971968726338
91324,-0.628767037923811
91331,-0.9475351927019966
91332,0.40200141784462773
91333,-0.7853994399596942
91334,-1.2696468410987496
91341,0.5
91342,0.5
91343,0.5
91344,0.5
91351,0.07999999999999996
91352,0.4571185127353065
91353,0.35493265026941745
91354,0.5
91361,-0.3612427482961966
91362,0.013614140729273406
91363,-0.11108006088325922
91364,-0.24703216053650917
92111,-0.12947149046655534
92112,0.22552262893964659
92113,0.07081892021955094
92114,0.4063797212775717
92121,-0.3849641839773619
92122,1.1592536992643783
92123,-0.37009663504695134
92124,-0.2326850012229466
92131,-0.007137628461021443
92132,-0.7072400826436216
92133,-0.3760000000000001
92134,-0.3900371802422956
92141,0.27999999999999997
92142,1.4660345410992834
92143,0.5
92144,0.6345655265758854
92151,0.19053074405057074
92152,0.18694672142390084
92153,-0.4514611282833405
92154,0.11824712662502462
92161,0.6225654741007635
92162,-0.13095102464000002
92163,-0.06496000000000005
92164,0.3480827236242648
92211,-0.4247397762558911
92212,-1.0454503735716842
92213,-2.462360003735568
92214,-1.5264063400963028
92221,-0.9527521318153004
92222,-1.3776726775734964
92223,-1.3185340641088321
92224,-2.233882563912074
92231,-0.20991829297812817
92232,-0.20711051067631198
92233,-0.5679054006626032
92234,-0.13752128747342207
92241,1.191232
92242,2.332966401900544
92243,0.5
92244,0.5
92251,-0.3312
92252,-0.5416320000000001
92253,-0.539065779103058
92254,-0.11520000000000011
92261,-0.3794867028049492
92262,-0.2653068349781238
92263,-0.28663728661122767
92264,-0.19114938569428208
92311,-1.264634922540591
92312,-1.0424108482252852
92313,-1.1673721123046736
92314,-1.6756473079171808
92321,-0.22922789007282965
92322,-0.10213573865382827
92323,-1.2543216432580422
92324,-0.25031152936872625
92331,-0.6848533610584355
92332,-0.8067668310180864
92333,-1.0982538926748882
92334,-0.7679368975810561
92341,0.47583999999999993
92342,0.5
92343,0.5
92344,0.5
92351,0.3074660475706079
92352,0.07999999999999996
92353,0.07999999999999996
92354,0.4608
92361,0.2377233146891421
92362,0.19349416379204154
92363,0.11209498322968858
92364,0.40162593897213816
93111,-0.07854997286186322
93112,0.2499476850076573
93113,0.11498914303645105
93114,-0.03642651243049014
93121,-0.23914384032607375
93122,-0.31999999999999995
93123,0.260566849364644
93124,-0.20345783267481538
93131,0.8678841403734702
93132,0.03511439293165136
93133,-0.31999999999999995
93134,-0.11208571601760617
93141,0.34962243216651
93142,0.5
93143,0.5
93144,0.5
93151,-0.019186699989148695
93152,0.707791356582168
93153,0.276703150011298
93154,0.2881464187694103
93161,0.05589583518328772
93162,-0.4921351456011453
93163,-0.1720915360098879
93164,0.7824167759119254
93211,-0.8142248053842154
93212,-1.316291529296385
93213,0.15112307120210292
93214,-1.400743166653316
93221,-1.0626534689472513
93222,-1.0226492718684563
93223,-0.38916077679995803
93224,-1.0068941091466623
93231,-0.8317427618833154
93232,-0.7533510494164588
93233,-1.6113783610697363
93234,-1.3468913593639904
93241,0.48
93242,0.9495310342590351
93243,0.504
93244,0.48
93251,0.4238719488728001
93252,0.5387175417086123
93253,0.03170707239899345
93254,0.04375852810990277
93261,-1.4363383132188452
93262,-0.8291669115799475
93263,-0.6984209673272859
93264,-0.1451662226582195
93311,-2.5626660889777835
93312,-1.298897460075187
93313,-1.3871425782873903
93314,-1.1210392697833504
93321,-0.6459834467870469
93322,-0.65107429376
93323,-0.8478435957996474
93324,-0.3554045699918583
93331,0.3581940706213009
93332,-0.774226439504611
93333,-0.9999523175902021
93334,-0.39628201130240814
93341,0.43196814704639996
93342,0.6799999999999999
93343,0.5
93344,0.5
93351,0.48668930580963154
93352,0.48
93353,0.6799999999999999
93354,0.48
93361,-0.40575423376965136
93362,-0.7465860296113536
93363,-0.03476013714692405
93364,-0.15069713088512005
94111,-0.2667909344401959
94112,-0.12020567178304539
94113,-0.1020176613579169
94114,0.689657065973177
94121,0.14603976117785403
94122,0.08167329352964231
94123,0.25435895954902044
94124,0.41262435532800007
94131,0.62811750797085
94132,-0.08179426504379717
94133,0.10481060743523929
94134,0.3463020729091251
94141,0.48
94142,0.48
94143,0.5
94144,0.5
94151,0.33016857272904054
94152,0.8083875526577518
94153,0.5
94154,0.5
94161,0.39347420105170267
94162,0.39701305119849833
94163,0.6115441847678771
94164,0.25876697110946056
94211,-1.9935291432650528
94212,-0.825150843162679
94213,-1.9266861660125452
94214,-1.8522089043315473
94221,-1.8119731113090474
94222,-0.8644733468548272
94223,-1.4193239454568456
94224,-1.6903105022516518
94231,-0.8231234712626398
94232,-0.17311652756755053
94233,-1.191729716466292
94234,-1.255669483540296
94241,0.901632
94242,0.29134858848430667
94243,0.27999999999999997
94244,0.5
94251,0.3602550485023792
94252,0.31571737454315624
94253,0.506535663043666
94254,-0.35805577242600395
94261,-1.1015025234437559
94262,0.006462398580125983
94263,-0.10249018716392702
94264,-0.10253750507840606
94311,0.124616515503367
94312,-1.3963487147903606
94313,-1.2290953733810122
94314,-1.0569288102795358
94321,-0.05991771834047277
94322,-1.4282358845349112
94323,0.18282255503837413
94324,-0.790863839187754
94331,-0.8171742429871689
94332,-0.8031833692917412
94333,0.3234200221869261
94334,-0.5839680561346985
94341,0.48
94342,0.48
94343,0.48
94344,0.48
94351,0.2527999999999999
94352,0.4455925636765328
94353,0.5
94354,0.5
94361,-0.808617073683704
94362,-0.737594476151918
94363,-0.04628144406171286
94364,-0.33920000000000006
