11111,-2.709891181055335
11112,-2.426683817704073
11113,-0.5133080895986204
11114,-1.7953689219648323
11121,-2.11306447999248
11122,-2.569596895110932
11123,-2.1857614491511432
11124,-2.809741948971885
11131,-1.4385797104034088
11132,-1.6569296380991623
11133,-2.609837740187724
11134,-5.783504614894582
11141,-1.6285325164683322
11142,-0.10250970542049997
11143,-1.894073721265777
11144,-0.9096341235160893
11151,-0.9500188695291676
11152,-0.9638187936314113
11153,-0.9786713045150962
11154,-0.9209422034662681
11161,-2.862331349479181
11162,-1.6977593725648672
11163,-0.09562897873714993
11164,-2.561893484202521
11211,-2.6550289134365466
11212,-3.7540973124119916
11213,-0.6685946069387831
11214,-2.5680689459999115
11221,-1.4651099159672636
11222,-1.7457371892621678
11223,-1.3590506951361414
11224,-0.5663157100534586
11231,-2.3083122449005615
11232,-3.8381878164379106
11233,-1.346258695408808
11234,-3.1612179356344354
11241,-1.015
11242,0.07938120280985123
11243,0.9974737115322239
11244,-0.0703438034154408
11251,-1.5255933286406735
11252,-0.49050005715482536
11253,0.6272880691102138
11254,-0.5643336840666116
11261,-4.327399091752863
11262,-0.8062945940608979
11263,-1.4273174355895448
11264,-2.578204846629626
11311,-1.899938316410155
11312,-2.0285370897519712
11313,-0.984645513478497
11314,-1.8473785160753384
11321,-1.4750621768220926
11322,-2.578564352733589
11323,-0.6349130888060847
11324,-1.040596665610475
11331,-1.8916050771017923
11332,-1.5812929453177405
11333,-1.9766637375007385
11334,-1.7931141116917737
11341,0.9822903610499998
11342,0.9249375000000002
11343,0.4423109364212876
11344,0.4431550000000002
11351,0.2663949578907917
11352,0.09221085500000004
11353,0.405
11354,0.45
11361,-2.3846809357650525
11362,-0.6006893896688641
11363,-0.6739434007588734
11364,-1.2965845343571192
12111,-3.42726181418993
12112,-3.1090864278603507
12113,-2.8059278903969878
12114,-1.04530307704313
12121,-2.729421859733565
12122,-2.3590713594851316
12123,-2.32283961147773
12124,-1.3655138737182952
12131,-1.8622917528338674
12132,-2.032268023308078
12133,-2.029030872241326
12134,-0.6245240010719949
12141,-0.42732868693530207
12142,-0.3385539526976875
12143,-0.5805179065498195
12144,-0.7737681811056505
12151,-2.121002844171068
12152,-2.4185493884536924
12153,-1.394455368113926
12154,-2.8789320006751087
12161,-2.6385947482854175
12162,-2.2598140311779424
12163,-2.680909893893479
12164,-2.4111008769801767
12211,-3.1959761960276745
12212,-3.6548919751808318
12213,-3.3206967603449544
12214,-0.7207675486996485
12221,-4.3424842110609845
12222,-2.6669345788043035
12223,-3.2485024454819573
12224,-0.011410516895293377
12231,-4.361884745725526
12232,-3.7605688181441796
12233,-1.1072604752058797
12234,-4.351872341720135
12241,-1.1089799189889897
12242,-1.5176962974613495
12243,-1.1926830620674163
12244,0.11010680214980184
12251,-2.4638120334937206
12252,-2.660734164908695
12253,-3.511143520659881
12254,-0.44038513601293316
12261,-1.681926186083666
12262,-4.226108458698298
12263,-4.019645125065335
12264,-3.9020239470567626
12311,-3.3687715205822752
12312,-3.0759417832554465
12313,-1.036558423815951
12314,-3.233866952446119
12321,-2.5339010020462736
12322,-2.9653854494552743
12323,-2.5777222271954523
12324,-2.7042593438400964
12331,-5.009886429113143
12332,-4.28250798528473
12333,-2.50307743518113
12334,-1.651251555251218
12341,-1.0669034159034032
12342,-1.4905
12343,-0.8768857695301766
12344,-1.404524759431736
12351,-0.7172770599999999
12352,-0.14500000000000002
12353,-0.3780693185764624
12354,-0.3291738447457184
12361,-2.5763096616638066
12362,-2.2804312564431326
12363,-2.4395466139933344
12364,-1.1196035384488883
13111,-3.857700481016199
13112,-3.5199316138524326
13113,-1.5278471397978657
13114,-3.532996697756379
13121,-1.9854382065696559
13122,-1.882141614566967
13123,-2.6568818482328793
13124,-1.1787297361508609
13131,-0.6570882361851362
13132,-2.461366858453151
13133,-1.8238117230109057
13134,-1.8349731679111794
13141,-0.40037717124803907
13142,-0.400650051811608
13143,0.5892847968764545
13144,-0.07295000000000001
13151,-2.021641771388543
13152,-2.3526109987929607
13153,-0.663345382211793
13154,-2.337628796361888
13161,-3.126053904171905
13162,-3.677835192578837
13163,-1.875447385389471
13164,-3.390007535691942
13211,-0.9904356142611386
13212,-3.020045525044244
13213,-2.9607122964511197
13214,-3.140014118615039
13221,-0.4071606497438308
13222,-3.0205971204482567
13223,-2.6537143526993576
13224,-3.1909936079295638
13231,-3.3653440029830395
13232,-3.8978470617937875
13233,-1.6457449240071569
13234,-3.7894795799119456
13241,-0.4996600195065499
13242,-1.4536293602195185
13243,-0.6102976212583897
13244,0.4481270417042591
13251,-2.251800462806286
13252,-3.289600176389721
13253,-0.24655993665507803
13254,-2.700539128954209
13261,-2.548318807427988
13262,-3.6158906124011785
13263,-3.9859003040182603
13264,-4.369104289604131
13311,-3.885635148861988
13312,-4.332412259720627
13313,-0.3973148251831545
13314,-3.879272331559931
13321,-1.0177428175651317
13322,-2.8699141808655413
13323,-2.8440004926866003
13324,-2.2362028067834863
13331,-1.6956471922232093
13332,-2.1730078424584676
13333,-0.7680787848523507
13334,-1.444801573996081
13341,-2.8109512197575004
13342,-3.22346306625
13343,-2.3449999999999998
13344,3.0865833756335403
13351,-1.465769995345736
13352,-1.8149053081430222
13353,-1.057468818581274
13354,-1.297137421976034
13361,-3.017185997534666
13362,-2.8636349571029567
13363,-0.798370422228115
13364,-3.133890224740574
14111,-0.8218273291679872
14112,-3.304149016708328
14113,-3.0787142773574834
14114,-3.72314103037868
14121,-2.4045092522718727
14122,-2.352996684156214
14123,-1.3530356307488467
14124,-2.4694895584369476
14131,-2.0111089137225573
14132,-2.0435225234361143
14133,-1.9695448095818882
14134,-2.1128254050063346
14141,-1.5313598666836898
14142,-0.7083964331568563
14143,-1.1695478764925402
14144,-1.431184190232401
14151,-1.8250219360783022
14152,-0.8514459909309958
14153,-1.8355656835973464
14154,-1.7506000000000002
14161,-4.155974805727203
14162,-2.6874128311247216
14163,-0.45444100667927967
14164,-2.6415104465534807
14211,-4.186614182039497
14212,-3.4868108465725083
14213,-3.1783691418533735
14214,-1.63218712276778
14221,-3.1867794438683674
14222,-0.4632292296234309
14223,-2.376870941147789
14224,-2.488158248800814
14231,-1.7461972422512548
14232,-2.3558645126242297
14233,-2.1862547950166373
14234,-2.287873812454756
14241,0.3407670913305597
14242,-0.49809231435270007
14243,-0.6998199469519204
14244,-0.8701217656150111
14251,-1.088077127013276
14252,-0.2556158682094113
14253,-1.2624277006883884
14254,-1.014365054875904
14261,-3.170552205712636
14262,-3.123941099523803
14263,-2.222835998779898
14264,-2.7391471933552154
14311,-3.4387050427660006
14312,-3.3947690775850186
14313,-1.177800250403374
14314,-3.977868246833369
14321,-2.969357968848425
14322,-2.002866045649896
14323,-1.8678496000842342
14324,-1.9364470528177027
14331,-0.47808100360758365
14332,-1.4217580703238353
14333,-1.4037716750000002
14334,-1.8960594657497425
14341,-0.6017499999999999
14342,-1.4390344999999996
14343,0.09318175802248996
14344,0.40099463013995595
14351,-1.0025792826150177
14352,-1.3492762625885906
14353,-1.3971780724056626
14354,-1.4102575471676126
14361,-3.951433101510058
14362,-1.858610022591468
14363,-4.125751192211103
14364,-2.550260502480473
21111,-2.7115449374934264
21112,-2.6833668386626037
21113,-3.5291110039835596
21114,-0.7480081880264466
21121,-0.6630932511231694
21122,-1.2338638177824115
21123,-1.3501628780533967
21124,-1.1967679129322968
21131,-1.1175117750878187
21132,-1.1187571060491175
21133,-1.208638354488591
21134,-1.3393985331680631
21141,-0.6511490145082751
21142,-0.4606582562222517
21143,-0.24570513364347418
21144,-1.05
21151,-0.79529693979407
21152,-1.5418319331017916
21153,-0.9488802664721965
21154,-0.5911455204934236
21161,-1.6032914892554615
21162,-1.563107366639072
21163,-1.5901214704685747
21164,-0.8929164372679376
21211,-1.6342105678276528
21212,-1.4566887046660788
21213,-1.4840484781795826
21214,-1.170047595365844
21221,-2.0518734848891746
21222,-1.4439290802842977
21223,-0.8836010180956875
21224,-1.3663810778417749
21231,-0.9777664241733948
21232,-1.0920205242799703
21233,-1.2901254892664114
21234,-0.8870822982285176
21241,0.8183590653253161
21242,-0.10971965941117623
21243,-0.07247006521931232
21244,0.45
21251,0.12486631818544856
21252,-1.7248408767422538
21253,-1.1858960469790767
21254,-1.0908607823883711
21261,-1.0266756455332788
21262,-0.9686053301682752
21263,-1.0642243885364433
21264,-1.1355328636889632
21311,-0.6566996637156413
21312,-0.775957246661067
21313,-0.3976451735313711
21314,-0.9045809843532848
21321,0.1110547671743087
21322,-0.6459541516345876
21323,-0.2124489155268402
21324,-0.6399171245877259
21331,-2.0294
21332,-0.04042395556296771
21333,-0.26976055043991676
21334,-0.20097679670283447
21341,3.3754827532994636E-4
21342,0.5
21343,0.5
21344,0.5
21351,0.41927205342165164
21352,-0.050000000000000044
21353,0.5
21354,0.3414775114881756
21361,-0.8933724395711344
21362,-0.664292884675955
21363,-0.7452743355623347
21364,0.09112932401027247
22111,-3.54827393855694
22112,-3.705251354176569
22113,-0.751272728803372
22114,-3.4244171322838746
22121,-2.9177812767769344
22122,-4.313456738267396
22123,-1.8879200270115275
22124,-3.117879742047509
22131,-1.8992669577216788
22132,-2.699264721987479
22133,-2.845945682318079
22134,-1.009339729613135
22141,-0.3362028589625112
22142,-0.5268651407105139
22143,0.32402479974193943
22144,-0.295
22151,-1.3025289878148119
22152,-1.1861102643103494
22153,-1.0719587588108552
22154,-1.111128663614766
22161,-1.204441845737092
22162,-2.926386176776867
22163,-2.8866787683336446
22164,-2.6210147070154015
22211,0.2363241610446592
22212,-2.123177184153071
22213,-2.104917847944863
22214,-2.1480651699967086
22221,-0.8541539550621814
22222,-1.7905426315053539
22223,-1.8652229086105592
22224,-1.6562381722225088
22231,-2.7015946711533982
22232,-2.0547016416859836
22233,-1.7088259648980288
22234,-2.8862180848263335
22241,0.14951943302841203
22242,-1.065245679154318
22243,-0.6662529556206819
22244,-0.9562451805373858
22251,-1.62785889837823
22252,-1.8058295413405443
22253,-0.029634004225544235
22254,-2.2135685523439905
22261,-0.8741331215716638
22262,-3.2135499721492446
22263,-3.012355362802184
22264,-1.765995504794701
22311,-0.8847870385893675
22312,-2.1950080516027093
22313,-2.15593219499784
22314,-1.916204748473704
22321,-1.914592796381418
22322,-2.7589973327356043
22323,-2.8466147589724575
22324,-2.7077954124158516
22331,-0.7995992125166775
22332,-0.7825310807755863
22333,-0.6649628367001454
22334,-0.921213849896103
22341,-1.278942547567859
22342,-0.5688201107377004
22343,0.13783457539933572
22344,-2.61601
22351,-0.43134878229498186
22352,-0.5005238894533068
22353,-0.12694918724066295
22354,0.028176094258934137
22361,-1.9838341059238234
22362,-3.46787479442328
22363,-2.110061616586376
22364,-1.2131141384455981
23111,-1.5245770897392164
23112,-2.489973314476009
23113,-2.3185147426469572
23114,-2.444606473211133
23121,-2.8086979058307544
23122,-3.5730244976343832
23123,-2.8972825638419697
23124,-1.2740093281799485
23131,-1.0486791227972279
23132,-1.795862125639757
23133,-2.9936247298539644
23134,-1.9208686193685778
23141,-1.6907705128816763
23142,-2.8087534168301094
23143,-0.4512851268602435
23144,-1.079561381943979
23151,-2.8370282383749856
23152,-1.7359773593021202
23153,-2.409137737669508
23154,-0.4225252468902694
23161,-2.6724558935815965
23162,-2.6017917721869663
23163,-0.7023686170742898
23164,-2.5273302586827215
23211,-3.2145755163566507
23212,-2.818045447506094
23213,-2.90280475448223
23214,-1.898826638558739
23221,-1.3141921887544
23222,-2.055286037925094
23223,-2.0744993142158825
23224,-2.0707338414100223
23231,-3.4333411116335992
23232,-2.614324121693361
23233,-0.7591752788516134
23234,-2.740669978443516
23241,-0.395826309479985
23242,-0.39481730201995935
23243,0.4236954118737736
23244,-0.5018599451410739
23251,-1.780929442394282
23252,-1.1449879353858878
23253,0.19035937441921166
23254,-1.3086203595368888
23261,-2.6219921374370156
23262,-2.3458405090628838
23263,-1.0566483374914708
23264,-2.3789534991287784
23311,-1.6916111270178065
23312,-2.973670578901282
23313,-3.317051521814334
23314,-2.9311413497962993
23321,-1.1090117605847527
23322,-1.6414237970791516
23323,-1.6666952814931477
23324,-2.211073483445537
23331,-0.31776797251514954
23332,-2.9020248442870047
23333,-1.6741536221734603
23334,-2.0797954918035977
23341,0.012714152466381523
23342,-0.15226612241221016
23343,-0.04935306277266224
23344,-1.2850292439674944
23351,0.15103499858582128
23352,-0.5771853499999999
23353,-0.6184964393451178
23354,-0.8958699999999999
23361,-2.9333155497632823
23362,-1.1112192841371444
23363,-2.6343523260450294
23364,-3.3002970866105557
24111,-3.190108603315158
24112,-3.8097608363103728
24113,-3.430622217623371
24114,-0.49693385875782137
24121,-1.5990047302298889
24122,-1.6914055212428716
24123,-1.5709497307359817
24124,-0.5944677764777262
24131,-0.6051947693322896
24132,-1.4378984784830569
24133,-1.4423844958022671
24134,-1.496879422015727
24141,-0.538359317068164
24142,0.212163353923005
24143,-0.050000000000000044
24144,0.3631659943677015
24151,-1.4968574875350393
24152,-1.8890999486292337
24153,-1.1480375823408409
24154,-0.4921158078932871
24161,-2.002536308249856
24162,-0.3222983542425604
24163,-1.6830394937525468
24164,-2.0046017749271847
24211,-0.8390063283530371
24212,-3.1215246164109844
24213,-2.859070440644521
24214,-4.039987772429345
24221,-1.1288619624084153
24222,-1.1815931301864606
24223,-0.3221409320936932
24224,-1.1960777567549246
24231,-1.4015271874198358
24232,-1.559074946706444
24233,-1.4047833658967515
24234,-1.2826257798850553
24241,-0.10565475831295795
24242,-1.3743979178145704
24243,-0.03856137676911775
24244,-0.2796804681322269
24251,-1.6771877408354905
24252,-0.36031542498773145
24253,-0.8702618012503267
24254,-0.8651594681737903
24261,-0.3482762174761053
24262,-2.3754953550714637
24263,-2.9535549496562075
24264,-2.1976249756511277
24311,-1.3148872735633919
24312,-2.2669185271568617
24313,-1.051937929721891
24314,-1.3741198647341888
24321,-1.3431572011759354
24322,-1.6368618063071518
24323,-1.0153931814894392
24324,-0.88739558921667
24331,-2.1043279528275103
24332,-2.3128636657192523
24333,-0.7685366857790658
24334,-1.5336437877857183
24341,0.5
24342,0.5
24343,0.8479810395
24344,0.8969129342642015
24351,-0.7187092090887196
24352,-0.1559136049525358
24353,-0.1652590542266904
24354,-0.07442678271719996
24361,-1.2118177946606346
24362,-1.2163300681123026
24363,-1.0371281939748382
24364,-1.037520507013925
31111,-2.3525144065425803
31112,-0.4503965554222567
31113,-2.245498573665789
31114,-2.884490717160155
31121,-2.242243250800951
31122,-1.0399034728819256
31123,-2.247550949866367
31124,-2.782882136601585
31131,-1.7839045415396209
31132,-3.4671750390831417
31133,-1.4559372930841366
31134,-2.1956781726236847
31141,0.1768179768979578
31142,-0.11499999999999988
31143,-0.050000000000000044
31144,0.13023458312071856
31151,-1.2621997553014817
31152,-1.2784588233956171
31153,-1.289865487563265
31154,-1.1421991988688083
31161,-2.2804084807252734
31162,-2.2341423210644904
31163,-2.0047029968500225
31164,-0.6892453783524769
31211,-3.4380516428820673
31212,-3.1036488015862957
31213,-1.888002703202814
31214,0.12245851140088315
31221,-1.2781490836825324
31222,-0.8459423935472019
31223,-1.0352693155612935
31224,0.42839366887975056
31231,-1.4038201520050695
31232,-2.625208825148783
31233,-2.243182866861971
31234,-1.9355808489806856
31241,-0.7966568924969183
31242,-0.6148619239889059
31243,-1.2997421770642223
31244,-0.08549999999999994
31251,-0.0422515103881711
31252,-1.1801992072595726
31253,-2.064956700665452
31254,-0.9265647584208282
31261,-2.8262367681423903
31262,-2.9274499912491896
31263,-2.9382846204197337
31264,-1.0489590155478146
31311,-2.405180444012366
31312,-1.7056648222922228
31313,-2.7080477975593915
31314,-3.5953524709934426
31321,-1.3865949999999998
31322,-2.3021792653972333
31323,-0.4993703634857368
31324,-3.157801998874855
31331,-0.7963146426420722
31332,-1.2353659319549013
31333,-0.4672470256662163
31334,-2.176068883358467
31341,0.10749999999999993
31342,-0.050000000000000044
31343,0.4756
31344,0.6733500771017379
31351,0.21031588387010564
31352,-0.2871918321708886
31353,-2.0404999999999998
31354,-2.0904999999999996
31361,-2.1538299299897385
31362,-1.086933759882887
31363,-2.060114054898899
31364,-3.019620267143016
32111,-3.123489128021804
32112,-3.165455602712388
32113,-2.972164898638916
32114,0.36355008520175186
32121,-3.043776139385642
32122,-3.6677600675149193
32123,-2.182571566015502
32124,-3.2709874570703983
32131,-2.277225179727956
32132,-2.1367260611690786
32133,-3.116619693925938
32134,-1.8397315941503427
32141,0.0016777780735412473
32142,-0.34512362514478157
32143,-1.9594
32144,-0.55
32151,-2.9774293424930254
32152,-1.5200376432490856
32153,-2.7629500000000005
32154,-4.137831568053111
32161,-2.53197130633637
32162,-2.8570274646123646
32163,-2.6541433974296007
32164,-2.892998801335853
32211,-0.33864669411844944
32212,-3.062498173672373
32213,-3.5093960863946227
32214,-3.4024816498559085
32221,-1.7212683737930108
32222,-2.3311694875170055
32223,-2.3991955527791258
32224,-2.297038716071728
32231,-0.9132526669051644
32232,-3.2543802295195494
32233,-3.229482796849733
32234,-2.3467324625863597
32241,-0.9303024487644231
32242,-1.6678454351404923
32243,-2.2493917577953866
32244,-0.9912477809325461
32251,-2.7672770550749175
32252,-0.550156516207797
32253,-2.459552307321431
32254,-2.2665218686253965
32261,-1.514795091865824
32262,-3.4147139163560825
32263,-3.1602987059835645
32264,-3.1509497057752593
32311,-3.093431305742536
32312,-3.1540803676435534
32313,-1.2147930189599232
32314,-4.303315288158727
32321,-2.796305066731504
32322,-2.5022109587585053
32323,-2.905120799475123
32324,-1.7346994764139696
32331,-1.0213465733519633
32332,-2.20236803409622
32333,-2.896718611422415
32334,-2.4705042045917476
32341,0.18460012623913047
32342,-0.8641500000000002
32343,-0.02749999999999997
32344,1.1362040616813904
32351,-2.368186541327726
32352,-1.4018357423911927
32353,-0.8429737013382101
32354,-3.576933368965776
32361,-2.9125465875191976
32362,-2.8669671679007314
32363,-3.099891466141033
32364,-2.74307501064318
33111,-0.3251423892932426
33112,-3.3593541476524154
33113,-3.101896033934299
33114,-4.38548622132224
33121,-1.7408269200802176
33122,-3.7911322448616303
33123,-3.071921161479901
33124,-4.504765255478501
33131,-3.0292260442591896
33132,-2.7817419159681105
33133,-2.7156930647768975
33134,-3.429496804728336
33141,-0.950484628793002
33142,0.4228045142924539
33143,-0.8576414422846037
33144,-0.7249833171756999
33151,-1.8743397321387685
33152,-0.8640419844467494
33153,-1.5732878775438583
33154,-1.6115612540331221
33161,-4.775206684979404
33162,-3.5199089642502885
33163,-1.5035333864646385
33164,-3.2998970061707
33211,-4.196842726291685
33212,-4.160708352628008
33213,-1.2380360169059332
33214,-3.7896332441205
33221,-3.40129829420308
33222,-3.285797257225315
33223,-1.4343737517886899
33224,-3.480915245112695
33231,-0.521648957193698
33232,-2.794526324930343
33233,-2.9885727759884775
33234,-2.560825822757808
33241,-1.3478613401659916
33242,-1.7170542721956736
33243,-0.07019952956126652
33244,-1.9145143732245273
33251,-2.5325841948944348
33252,-2.339633163958162
33253,-1.4462937460096468
33254,-2.9471102209496483
33261,-3.646054632476781
33262,-3.8159678778600794
33263,-3.2181299508495202
33264,-1.1768570276553558
33311,-4.318980839737899
33312,-4.090658908998908
33313,-2.0561533810048553
33314,-3.366565388011331
33321,-3.7419167042040793
33322,-3.149192632168673
33323,-0.6080639598629523
33324,-3.2078960898242235
33331,-0.0013787474077768037
33332,-2.593523732115602
33333,-3.82032911749962
33334,-2.398669573758902
33341,0.1847318182182306
33342,-0.3288819005079209
33343,-0.37308831042553914
33344,-0.9384376954454885
33351,-0.9076265297176066
33352,-0.5142162889529397
33353,-1.7918555504305445
33354,-1.0760130342677343
33361,-3.0920124978836654
33362,-3.119386181093792
33363,-2.006420598261479
33364,-3.6478623192883517
34111,-3.781643367900284
34112,-3.371938020056758
34113,-1.9630177508005147
34114,-4.31286923472867
34121,-2.213919805055225
34122,-2.4480647302644294
34123,-2.5065940469288033
34124,-1.7153450875625857
34131,-2.732726583695797
34132,-1.239968982278715
34133,-3.9525639611011165
34134,-3.0164768626412544
34141,0.08909944583927587
34142,-0.16044347741391368
34143,0.1908582877348406
34144,0.2017276976857826
34151,-2.323386801235104
34152,-2.34332634592138
34153,-1.9469006341089585
34154,-1.5839036979156726
34161,-1.6237435275763066
34162,-2.3188818288024318
34163,-2.505879845005728
34164,-3.122564484547036
34211,-3.2881714636353556
34212,-2.8955109569769526
34213,-2.077861461712306
34214,-2.874996249621365
34221,-3.7558506624386947
34222,-3.4616273499740884
34223,-3.0529899038447996
34224,-1.1086845790839424
34231,-1.9426576018007338
34232,-1.9159989262411785
34233,-1.304281449650273
34234,-1.7786768227946352
34241,-1.1821660286515552
34242,-0.1997583911139906
34243,-0.3721892445162676
34244,-0.4459880755761668
34251,-1.2836066571021032
34252,-0.6572059148728053
34253,-2.267514057918918
34254,-0.858628996728064
34261,-2.9705828019621716
34262,-1.7473996242490557
34263,-2.3438130546810267
34264,-2.3488711047248154
34311,-4.385592289633453
34312,-3.181751454246233
34313,-0.7804502094247281
34314,-3.3705348445540255
34321,-1.8784402417380153
34322,-1.6274858143376207
34323,-0.3583686619611638
34324,-2.5595571079239567
34331,-0.6884375574494863
34332,-0.16323124522621468
34333,-0.680953861883989
34334,-2.374881837755539
34341,0.5490783210072694
34342,-0.55
34343,0.309825
34344,-1.230094352436635
34351,-0.17533865853836716
34352,-0.6265343213937176
34353,-0.520680706208899
34354,-1.5730925
34361,-1.7080968256430218
34362,-3.0207568731890464
34363,-2.2090989867138595
34364,-1.5237876167332418
41111,-2.736757560533212
41112,-0.4769928989301829
41113,-3.1306152620427845
41114,-1.9904447405354662
41121,0.0028600783232410887
41122,-1.6219060714513254
41123,-1.1792725640282262
41124,-2.9128770172940195
41131,-1.3709514513528662
41132,-1.656634445368418
41133,-0.15556629878293537
41134,-1.7394992550169253
41141,-0.34015877875660977
41142,0.05252068177698188
41143,0.20266155955107723
41144,-1.2445999999999997
41151,-1.9782548741951549
41152,-1.576637828834322
41153,-1.2689340251010777
41154,-1.716211512478306
41161,-1.583780275467662
41162,-2.242773486161628
41163,-2.506076109167135
41164,-1.0556656735261993
41211,-2.4620554037267572
41212,-2.9551641755372082
41213,-0.4684095943753076
41214,-2.6715175831209876
41221,-0.8966958667178055
41222,-2.216027661234728
41223,-0.5712420561948262
41224,-1.4335939592823128
41231,-1.8716124201571507
41232,-0.8868870084296363
41233,-0.8683298333256894
41234,-1.2358355784864523
41241,-0.44752000000000003
41242,-0.30690840689707133
41243,0.11488189553211842
41244,-1.1645854379478864
41251,-2.5579940741955447
41252,-0.9976441091426178
41253,-0.9864184768130252
41254,-0.5463018451052882
41261,-1.4293212222434462
41262,-1.578517040311966
41263,-1.4264309209242751
41264,-0.8879765124869055
41311,-0.6532791491200532
41312,-0.7634406473181534
41313,-0.9894291858204642
41314,-0.758314234058877
41321,0.5
41322,0.5358622011047394
41323,0.5
41324,0.4639598461810106
41331,0.185
41332,0.363599950248669
41333,-0.050000000000000044
41334,-0.13549999999999995
41341,0.5
41342,-0.050000000000000044
41343,0.5
41344,0.5
41351,-0.4149999999999999
41352,0.07718713695662571
41353,0.5
41354,0.5
41361,0.45
41362,-0.050000000000000044
41363,-1.05
41364,-0.8105795647118832
42111,-3.051242376897407
42112,-2.9505194559741916
42113,-3.473505568615656
42114,-0.4259079906329737
42121,-1.1170747783015833
42122,-2.1452919540049993
42123,-1.7091377787350417
42124,-2.5895480437997476
42131,-2.1403124695963864
42132,-2.4202418644270844
42133,-2.662044378947323
42134,-2.3081630578834265
42141,-2.4077257912056007
42142,-1.9523102251094655
42143,-1.5338100045373093
42144,-1.2460247980813124
42151,-2.590937860434984
42152,-0.2649414976135378
42153,-2.1798947481764888
42154,-1.9433359605815348
42161,-2.62320457405849
42162,-4.8358407615860886
42163,-2.4357165509183267
42164,0.41936179795008255
42211,-3.4038491280343477
42212,-2.8998230565102494
42213,-3.9478172315951894
42214,-0.49602287446592797
42221,-1.1529223725015607
42222,-2.982549953560172
42223,-2.477309198620065
42224,-2.5784187753596886
42231,-2.8068581837934463
42232,-3.609541091273463
42233,-2.8074723234081422
42234,0.09196115926290893
42241,2.2054174411229086
42242,-2.259825554766087
42243,-1.4597996959657502
42244,-1.1666714803303975
42251,-0.9768777328526127
42252,-2.1817868931033324
42253,-2.6973100711390714
42254,-1.7972595166062266
42261,-3.4064854065919863
42262,-1.4871752203669055
42263,-3.0657440443285893
42264,-3.6569917278021484
42311,-1.3378710522295392
42312,-2.22467907652988
42313,-2.6971852953223614
42314,-2.0299945766905796
42321,-0.6406958754561282
42322,-0.802188871465098
42323,-1.0534924439550446
42324,-0.7710607460301367
42331,-0.9163391825685802
42332,0.3068871267277803
42333,-0.4380405944343598
42334,-0.01135205272187012
42341,-1.1527217252742108
42342,0.185
42343,-0.050000000000000044
42344,-0.0131
42351,-0.5412993140703063
42352,0.1856320648261045
42353,-0.30772724091922943
42354,0.45
42361,-1.2270320033091353
42362,-0.9681128732722197
42363,-0.7843891388710122
42364,-1.001435
43111,-3.4332055951698965
43112,-3.545150962098047
43113,-0.613458210606748
43114,-3.052693019761426
43121,-2.141486697943507
43122,-2.014274680044055
43123,-0.3215665073745273
43124,-1.7854897180605374
43131,-0.01321292872673907
43132,-2.655792587600512
43133,-2.9661202332660523
43134,-2.9057440172992406
43141,-1.3529981221540877
43142,-0.5150492828782691
43143,-1.0690577046156817
43144,-1.3255
43151,-0.4284340901379383
43152,-2.293230509590474
43153,-1.9762211867849515
43154,-3.076867742698237
43161,-2.375176841809493
43162,-0.3306882947152764
43163,-2.323646503136164
43164,-2.3985723026718
43211,-2.5161476172244717
43212,0.3069838932118834
43213,-2.926530984004462
43214,-2.5760781517069917
43221,-2.937006468411941
43222,-3.111223719782136
43223,-3.6289812849302576
43224,-3.8352386575051955
43231,-1.815445589626281
43232,-2.6921153980075694
43233,-2.2330188961131103
43234,-3.097097134394441
43241,-1.6029204941526172
43242,1.015570015999328
43243,-1.1779498146553118
43244,-1.4916038690808708
43251,-2.3310116275253634
43252,-2.3963399137961385
43253,-2.603278600045331
43254,-0.5815828475410301
43261,-2.9071910280067166
43262,-2.977292813719637
43263,-1.724914981535225
43264,-3.3621024912708375
43311,-2.4895736999701112
43312,-2.260980881446892
43313,-2.1143485776448476
43314,-2.363116598887135
43321,-0.058383161837767705
43322,-1.2494279859904465
43323,-0.960904357180244
43324,-1.5000003428159667
43331,-1.5855133958474266
43332,-0.7469078679455227
43333,-0.7961151159448627
43334,-2.325
43341,-0.4149999999999999
43342,-0.4149999999999999
43343,0.21360706765294488
43344,-0.050000000000000044
43351,-0.05261594028516414
43352,-0.32110817680397524
43353,-1.918745685155793
43354,0.5
43361,-1.0483068051752078
43362,-1.4199382500000002
43363,-1.7608845137539542
43364,-1.5785324566558159
44111,-2.5055122590572614
44112,-3.580794739143714
44113,-0.8944438973783538
44114,-2.6766789829579793
44121,-2.7865199966264758
44122,-2.8124279076885648
44123,-0.6889279825356833
44124,-3.233731795052816
44131,-1.525509436622675
44132,-0.6586593044268422
44133,-1.4468650470293896
44134,-1.6427604776434042
44141,-0.732653388306761
44142,-1.8493138640200186
44143,-0.3048346069965653
44144,-1.3041375657499998
44151,-1.9165315319156602
44152,-1.0049418458922452
44153,-1.9754862921342293
44154,-1.648686024580606
44161,-3.0147495950668683
44162,-2.6653046028618625
44163,-2.433562089244489
44164,-1.414051861402562
44211,-2.0101176776139624
44212,-1.97891892404169
44213,-2.0085846892289534
44214,-0.5840201868861699
44221,-3.9874713324851507
44222,-0.7053282300626782
44223,-2.3712818733765983
44224,-2.7173459123649817
44231,-1.4200752620840433
44232,-2.1752003979314445
44233,-1.3611414075600339
44234,-2.051573598592582
44241,-2.3266824438979303
44242,-0.7596333112505389
44243,-0.6901146541553946
44244,-0.08680230024013907
44251,-2.3127526399207134
44252,-1.8614134563738838
44253,-2.3593212791189293
44254,-0.5776503200618954
44261,-1.9555369386375054
44262,-0.7040013767426117
44263,-3.088227425289656
44264,-2.16483118596719
44311,-0.9226940587650749
44312,-0.22155181696171644
44313,-0.9744057640001976
44314,-0.9873779879997545
44321,0.2024856545146847
44322,-0.7149999999999999
44323,0.19468279429827962
44324,-0.5065403638697716
44331,-1.3335
44332,-0.8755
44333,-0.5957274390329366
44334,-0.3359051279313221
44341,-0.55
44342,-0.050000000000000044
44343,0.26306772339999995
44344,0.5
44351,0.18863134921639463
44352,0.44079047385156744
44353,0.5
44354,0.5
44361,-0.3830869269704469
44362,-0.35232858309537307
44363,0.1712014008749162
44364,-0.4054859078849705
51111,-2.1788940763358644
51112,-3.3037311088366974
51113,-1.7624862874387135
51114,-0.733547145461431
51121,-1.2337785297923718
51122,-1.7441509328759992
51123,-0.6138262045390911
51124,-0.9875468598484068
51131,-1.4687685488607072
51132,-2.082162039544764
51133,-0.9238166610170289
51134,-1.6341358643683177
51141,-0.27626022468325395
51142,0.17522510325513604
51143,-0.1047706096273886
51144,-0.7393442754196511
51151,-1.2215199763338607
51152,-1.0278847913828022
51153,-1.112738806876299
51154,-1.1026755946885913
51161,-1.450154324882234
51162,-1.8625235419156523
51163,-1.1178661616063792
51164,-0.49839088208761806
51211,-1.4897988396473572
51212,-1.4735419509625194
51213,-0.637387028132476
51214,-1.753659940340245
51221,-0.7166962179701226
51222,-1.0624608659473949
51223,-1.2011163408923617
51224,-1.0733587569852605
51231,-0.8499119488675444
51232,-0.9299451602065091
51233,-0.6493509410848011
51234,-1.1690329630807788
51241,-0.38774999999999993
51242,-0.4332333787427584
51243,-0.45578359022554416
51244,0.5921676826683087
51251,-0.7113024795814674
51252,-0.6334482943869526
51253,-0.567290279343953
51254,-0.30732183385599227
51261,-1.375533880919864
51262,-1.4692964374929844
51263,-1.3484505744193722
51264,-0.34576216612846544
51311,0.5
51312,0.5
51313,0.5
51314,0.5
51321,0.5
51322,0.5
51323,0.5
51324,0.5
51331,0.5
51332,0.5
51333,0.5
51334,0.5
51341,0.5
51342,0.5
51343,0.5
51344,0.5
51351,0.5
51352,0.5
51353,0.5
51354,0.5
51361,0.418211855
51362,0.5
51363,0.5
51364,0.5
52111,-2.417954940123389
52112,-3.1560801199241935
52113,-2.3196226499545247
52114,-0.3291086236172207
52121,-0.11305999686563084
52122,-1.2687441547285954
52123,-2.5945886001947764
52124,-1.4119274289462471
52131,-1.6853826597331736
52132,-1.4166455848795514
52133,-1.8849839718035593
52134,-1.7011010157327235
52141,-0.3240854243224388
52142,-0.12632673825200175
52143,-0.06888778381134089
52144,-0.24275784335432393
52151,-2.0611448384848376
52152,-0.7340981210894737
52153,-1.7248898750861892
52154,-2.491400706600805
52161,-2.000583423536739
52162,-0.5138775485181767
52163,-2.42878060768794
52164,-2.224669031467749
52211,-0.5733471584918118
52212,-1.6911091431690202
52213,-1.9473183266955791
52214,-2.280855383500039
52221,-1.5193353376624579
52222,-1.6770417416495178
52223,-0.28283290589252386
52224,-1.5207234078773904
52231,-1.4263803341351053
52232,-1.3635294922801053
52233,-0.6740880819279221
52234,-1.0947931222870453
52241,-0.5932203575862793
52242,-0.7102738735116588
52243,-0.07703688427239408
52244,-0.35793781514170864
52251,-0.6464090941836538
52252,-1.0870084191132279
52253,-1.1462610247390768
52254,-0.9950560468149495
52261,-1.7422290008048908
52262,-1.78015070688492
52263,-1.919810617287488
52264,-0.7332425283266966
52311,0.485
52312,-0.41205714316262654
52313,0.5
52314,0.03122761287528042
52321,0.5840000000000001
52322,0.5
52323,0.5
52324,0.5
52331,0.5
52332,0.5
52333,0.5
52334,0.5
52341,0.5
52342,0.5
52343,0.5
52344,0.5
52351,0.5
52352,0.5
52353,0.5
52354,0.5
52361,0.5
52362,0.5
52363,0.5
52364,0.5
53111,-1.951859961840557
53112,-1.9727813736985997
53113,-0.04534526247506587
53114,-2.578749689798131
53121,-1.5554517982252762
53122,-1.9213784091877213
53123,-1.5784794923426657
53124,-1.4777065272737868
53131,-1.3290529964798534
53132,-0.5948001135140097
53133,-1.7520233174882271
53134,-1.8268438132211575
53141,0.23201715330620054
53142,-0.591968503540776
53143,-0.318455375765599
53144,-0.26154665598910853
53151,-0.7406376790373533
53152,-2.083745788211402
53153,-1.708931783989419
53154,-1.7159788778300675
53161,-1.8962676554872977
53162,-2.0010182166812873
53163,-1.3810337096231018
53164,-2.5979112290604602
53211,-1.1648723022573528
53212,-1.9144028400620539
53213,-1.9048491647035146
53214,-2.010902339730955
53221,-1.6385012685727007
53222,-1.3687862437370841
53223,-1.8140886131657747
53224,-1.8200596256871087
53231,-0.3244277127686998
53232,-1.397197496889487
53233,-1.5786734511912266
53234,-1.7265561327673788
53241,-0.02503833056045013
53242,-0.15107299305922328
53243,-0.27987197716544365
53244,-0.25607631592968405
53251,-1.5809889918798254
53252,-1.503383036563212
53253,-1.704999649005718
53254,-1.202762630213091
53261,-1.8857044645310297
53262,-1.817090910405333
53263,-1.985551427058618
53264,-0.7938142673278348
53311,-0.6624124781822198
53312,0.5
53313,0.5
53314,0.5
53321,0.5
53322,0.5
53323,0.5
53324,0.5
53331,-0.35418578488099817
53332,0.5
53333,0.5
53334,0.5
53341,0.5
53342,0.5
53343,0.5
53344,0.5
53351,0.5
53352,0.5
53353,0.5
53354,0.5
53361,0.5
53362,0.5
53363,-0.2518107847040667
53364,0.5
54111,-2.4115863869927883
54112,-2.160166749437675
54113,-2.2339541696074443
54114,-0.6768531383776242
54121,-1.9312203122256149
54122,0.04396578136775653
54123,-1.8076995321674483
54124,-1.6666602348652084
54131,-0.5502669672659083
54132,-1.0025288028274546
54133,-1.0932729058976776
54134,-1.2087487747646803
54141,-0.43141275967550374
54142,-0.969178651049036
54143,0.5925962785110099
54144,-0.6782598136326052
54151,-0.33804518094023356
54152,-1.3049638340148788
54153,-1.1725708844261353
54154,-1.2565393452697167
54161,-1.5646104077841105
54162,-0.7021687808906647
54163,-1.7793429854276361
54164,-2.0450962697195805
54211,-0.6838279452384365
54212,-1.5652280050928127
54213,-1.5457833885312398
54214,-1.5455229046052907
54221,-1.2880693221934965
54222,-1.6448051060701532
54223,-1.5771593819706518
54224,-1.4912666670974333
54231,-0.8023122201719155
54232,-1.0221892628955527
54233,-0.35929633461389604
54234,-0.8956387057336499
54241,-0.36276245425632275
54242,-0.2816620339999999
54243,-0.5920713543301206
54244,0.2535781984016436
54251,-0.9246568587472489
54252,0.2861582421945174
54253,-1.1900466555712474
54254,-0.5204011880161282
54261,-1.6340989641880979
54262,-1.6979693836819032
54263,-2.204990403341384
54264,-1.0647048910858854
54311,0.5
54312,0.5
54313,0.5
54314,0.5
54321,0.5
54322,0.5
54323,0.5
54324,0.5
54331,0.5
54332,0.5
54333,0.5
54334,0.5
54341,0.5
54342,0.5
54343,0.5
54344,0.5
54351,0.5
54352,0.5
54353,0.5
54354,0.5
54361,0.5
54362,0.5
54363,0.5
54364,0.5
61111,-2.8303566713636656
61112,-1.4380861946002472
61113,-2.664726465575533
61114,-2.2898179476514398
61121,-2.184804241514811
61122,-4.669571301852036
61123,-1.3549368266075603
61124,-2.223175161526459
61131,-1.6426385800846248
61132,-0.8950006753473967
61133,-2.9813706071217263
61134,-1.6573190232978954
61141,-0.24480060617438518
61142,-1.0575
61143,-1.122308983721226
61144,-0.33142830257448164
61151,-1.3494182109351225
61152,-0.9948583255687194
61153,-1.8927579162768822
61154,-1.3525804070393612
61161,-1.4998299447817984
61162,-1.8698505320950143
61163,-2.0748127119543693
61164,-1.9670740228475307
61211,-3.1768838584216903
61212,-2.888167352676581
61213,-1.9946475008205535
61214,-1.3100601923675057
61221,-1.020029612913377
61222,-2.5557321205857475
61223,-1.5265529118466312
61224,-0.7236185196176782
61231,-1.1248828274051292
61232,-1.841152039461961
61233,-2.551468136151942
61234,-0.5615166415881142
61241,0.6232144488781182
61242,0.06654693260110944
61243,-1.038035857919985
61244,0.042896244573461306
61251,-1.23061347097874
61252,-0.35014898327904975
61253,-1.4152067830416617
61254,0.1308226991532597
61261,-1.8908910958179495
61262,-2.430340686966506
61263,-0.2375692359386985
61264,-2.0408440098212304
61311,-1.7058038681606478
61312,-0.23651230622554775
61313,-0.2110327657747007
61314,-0.33349999999999996
61321,0.8786577422836797
61322,0.485
61323,0.5
61324,0.5
61331,0.36761514135337714
61332,-2.5300264588851125
61333,0.5
61334,0.5
61341,0.45
61342,0.47890599999999994
61343,0.46353464999999994
61344,0.41709423438655524
61351,-0.050000000000000044
61352,0.20874079760330266
61353,0.5
61354,0.5
61361,-0.4149999999999999
61362,0.11665335040877656
61363,0.5
61364,0.5
62111,-3.0190251669335852
62112,-3.127332293595157
62113,-0.6618411947233278
62114,-2.881733266519918
62121,-2.628275046878083
62122,-2.9617117187111512
62123,-3.052866345407377
62124,-0.7112479527083398
62131,-1.332855529888176
62132,-2.509069550159452
62133,0.049061300255075865
62134,-1.8006264991149301
62141,-1.9682912651451792
62142,-0.9569351001850398
62143,-1.756363153859367
62144,-0.6579535358434576
62151,-3.4452142385838616
62152,-2.3751720424661054
62153,-2.561047117517627
62154,-0.8956957080731772
62161,-2.1505477570718865
62162,-2.570847979833493
62163,-2.781378775570622
62164,-2.5082808014109204
62211,-3.5398145528021456
62212,-3.74851346589545
62213,-3.885953118534499
62214,-0.899712455837148
62221,0.7377156826163802
62222,-2.654026446824095
62223,-2.98476004469922
62224,-2.383769844326622
62231,-1.8042041370095165
62232,-2.0811352924786095
62233,-1.8429280369897418
62234,-0.18120567448856045
62241,-2.3021801944120295
62242,-1.9438171663102601
62243,-2.0094486487545913
62244,0.08870485266395922
62251,-3.019414900671789
62252,-2.4600302082331096
62253,-0.9559526510007812
62254,-1.7963578318594169
62261,-4.503650671460111
62262,-3.292995454867532
62263,-3.793092427412337
62264,-0.9710039915373108
62311,-2.131190001616713
62312,-1.8733912411497382
62313,-2.4844894049396506
62314,-0.445765209764982
62321,-0.755742735325
62322,-0.4684663835048851
62323,-1.3438010665155677
62324,-0.7740822258195734
62331,-0.33200726979542416
62332,-0.050000000000000044
62333,-0.7411808433951894
62334,0.001692190458006726
62341,-0.050000000000000044
62342,0.4073882262093963
62343,-0.694127332046474
62344,-0.49424500000000005
62351,-0.738136942608395
62352,0.05216766343193613
62353,0.17044367282447798
62354,0.1099012141946546
62361,-0.3152589914516665
62362,-0.549752315582908
62363,-0.32648710629830396
62364,-0.8948460087841197
63111,-1.8590219522661093
63112,-3.481438693185826
63113,-3.577915827697854
63114,-4.497853406249098
63121,-1.8757918000804708
63122,-2.8284899469151674
63123,-2.7917961624305923
63124,-3.048221482007359
63131,-2.3847929200876568
63132,-2.431084463391116
63133,-0.22028287611797792
63134,-2.760558993438379
63141,-0.23485361806147947
63142,-2.0715311857810192
63143,-1.1138302981865125
63144,-0.31179339242186366
63151,-0.35368890434265415
63152,-1.7770889650171504
63153,-2.558552488053076
63154,-3.59638009293305
63161,-2.3066886792949948
63162,-2.2953537056299833
63163,-0.6651518365538809
63164,-2.3788464764715984
63211,-3.1599155254481124
63212,-3.101214171250226
63213,-0.24649921525720533
63214,-2.7455102566874023
63221,0.2136190745542193
63222,-3.108163978558279
63223,-3.222262510776419
63224,-3.246511274174428
63231,-2.519662919979077
63232,-2.5888316881236406
63233,-0.06575464719264756
63234,-2.6231465696642493
63241,-1.7732112971137197
63242,0.1684469015367171
63243,-1.5669812337282598
63244,-2.153856085171534
63251,-2.4010528469082937
63252,-0.5265071125837977
63253,-2.7987343056663656
63254,-3.1564368037699064
63261,-0.6679062243933037
63262,-3.1995798078182665
63263,-3.1190604320730912
63264,-3.4273814151875452
63311,-0.2664008006066312
63312,-1.9293866071676393
63313,-2.650452764105384
63314,-1.7409749068195697
63321,-0.9326895421779764
63322,-0.09677644742636904
63323,-0.6559877876500001
63324,-0.3506395863175009
63331,-0.6076272243130669
63332,-0.7723026998716418
63333,-1.4702103228086485
63334,-0.4149999999999999
63341,0.5418745539067139
63342,0.5
63343,0.5
63344,0.5
63351,-0.24966663995362137
63352,-0.4017197733581187
63353,0.26668960107131023
63354,-0.26799083069890617
63361,-0.8793333583468923
63362,-0.8229493602941143
63363,-2.167984105066246
63364,-1.5662873024517676
64111,-3.2066673759199307
64112,-0.08406735879980126
64113,-3.1718356559426004
64114,-3.0156839409478584
64121,-1.3589608782536549
64122,-2.828064060384892
64123,-2.8546900972897857
64124,-2.884546467610581
64131,-3.982517836241704
64132,-2.8018662980840077
64133,-2.7686864596060774
64134,-1.1674722680669853
64141,-0.42086427114088787
64142,-1.5445995767941387
64143,0.005966087087986578
64144,-0.20207120421528268
64151,-2.0641139208952923
64152,-2.3042974509653895
64153,-0.5468164839769827
64154,-2.7536042252195294
64161,-2.89605102512152
64162,-2.3349513350343925
64163,-2.3067872365748494
64164,-0.2868021305637575
64211,-2.687829309694135
64212,-2.764276927823098
64213,0.2730588280863609
64214,-2.5735864818819305
64221,-1.9451164432751211
64222,-1.3792821925945005
64223,-2.1277733005141624
64224,-2.036372102144851
64231,-2.506116736906404
64232,-1.9905875361168424
64233,0.3077829846920699
64234,-1.6019018109700482
64241,-1.0807604984048016
64242,-1.7079265019049685
64243,-0.49919079347532824
64244,-0.1923190857510319
64251,-0.8853684307579158
64252,-2.1986363681510244
64253,-0.4967111653344687
64254,-1.1381130387523704
64261,-2.447423657177728
64262,-0.8987126304904873
64263,-1.8405439181988494
64264,-1.8531579871283301
64311,-1.2380695873111736
64312,-0.933817119090534
64313,0.23057804572498042
64314,-1.2157848512341145
64321,-0.050000000000000044
64322,-0.050000000000000044
64323,-0.7435335216731714
64324,0.14488257399999993
64331,-0.7744585561111392
64332,0.5
64333,-0.4016850843902049
64334,0.26195
64341,-1.05
64342,0.39652495520003705
64343,0.5
64344,0.5
64351,0.07102163121675586
64352,-7.184750605707113E-5
64353,0.8025540780418896
64354,0.185
64361,0.45
64362,-0.7482341081604418
64363,-1.0771118745548223
64364,0.5
71111,-1.970177322161346
71112,-0.5921747973633112
71113,-3.4029128171937626
71114,-2.154514630819505
71121,-1.6192227866286775
71122,-0.9212004201933113
71123,-1.7406868522912253
71124,-2.9806264561875633
71131,-0.8009457554198469
71132,-2.868487130681585
71133,-1.9689391245122405
71134,-1.8298436877181588
71141,-1.1915584936090233
71142,0.43757547083012155
71143,-0.22512521379500794
71144,-0.48775015199999994
71151,-1.7366482019818428
71152,-2.438952852711348
71153,-0.8473897845742817
71154,-1.9414834647326973
71161,-2.9318725202555176
71162,-0.8100685014304416
71163,-2.2546630760433186
71164,-1.9373320326418055
71211,-2.1959966515825453
71212,-0.8303116873582937
71213,-1.9773567108403272
71214,-1.7059154656172018
71221,-1.5146976898256754
71222,-1.708480133641948
71223,-1.1369378649266606
71224,-2.7433976591302525
71231,-0.8813874805744848
71232,-0.635301519019867
71233,-0.6950021173047904
71234,0.16056230423268775
71241,-0.2685974614140888
71242,-0.6215635125431501
71243,-0.6737780986974646
71244,0.10819827167724827
71251,-3.244420454061619
71252,-1.4640275270651903
71253,-1.0108008559264423
71254,-0.22613225548942262
71261,-1.239276645300037
71262,-1.2904362605956075
71263,-0.676399957676264
71264,-1.4505150129960578
71311,-2.8946249700692994
71312,-2.8756622816304263
71313,-2.5564113264044908
71314,-1.9654868137496955
71321,-0.9969849999999999
71322,-1.6047477305
71323,-1.3935042428202982
71324,-1.4340132705609756
71331,-0.3501500000000001
71332,-0.8182146863200148
71333,-1.469286364638663
71334,-2.5353730162780215
71341,-0.450364200375472
71342,-0.052488298166114555
71343,-0.43021789650561115
71344,-0.05368520086465911
71351,0.14449999999999996
71352,-0.18985000000000002
71353,-0.03550000000000003
71354,0.9280517389268705
71361,-0.7889697245909887
71362,-0.5149602937720187
71363,-0.5561948944586823
71364,1.1383236053032357
72111,-3.7601983876972818
72112,-3.751816568737543
72113,-1.6641389559308077
72114,-2.9697200638252497
72121,-0.9786998124754941
72122,-2.6510085847112723
72123,-2.9934300064297013
72124,-3.107044138571604
72131,-3.0720093436362355
72132,-3.4315323193583263
72133,-3.4162336904084256
72134,-3.2564569223550723
72141,-1.7969178000000001
72142,-0.4636909284097879
72143,-1.0527542002239785
72144,0.13901128569944257
72151,-2.457282793996022
72152,-1.9647372090986432
72153,-0.4098530795398826
72154,-1.9200332520469419
72161,-2.7238544694783364
72162,-3.7687484376342897
72163,-0.9732521010757613
72164,-2.93352620578002
72211,-2.8936624188447357
72212,-2.6914233905745193
72213,-1.4075199941427412
72214,-2.8527710429268436
72221,-0.659935569461501
72222,-2.483439531345497
72223,-2.3725640229801526
72224,-2.743625459259932
72231,-1.4069776799140152
72232,-0.4429216869140771
72233,-1.4983479444705778
72234,-1.824793566773025
72241,-0.8127316431789904
72242,-1.8826608297120835
72243,-1.6331207636886185
72244,-1.6634847603511573
72251,-1.94040928357954
72252,-1.5443401071834117
72253,-2.000188531909875
72254,-2.417024323529958
72261,-0.3528010441034748
72262,-2.4052482598312244
72263,-2.719373371690096
72264,-2.2861795653883306
72311,-2.359705077267761
72312,-2.3151198552669134
72313,-1.6509788096061768
72314,-3.2289462644659954
72321,-1.3941968385121257
72322,-1.4304851333164241
72323,-2.6935888365438934
72324,-1.6341623292571759
72331,-2.091648059270513
72332,-2.140743763963157
72333,-0.6124894583510294
72334,-1.721029250667052
72341,-1.958741380559503
72342,-1.6932101090696547
72343,-1.4570694508448119
72344,-1.8046577662442496
72351,-0.6108940264983482
72352,-0.6725178089257031
72353,-1.2898617317132781
72354,-0.7676663849378202
72361,-3.3251798252793057
72362,-3.0085415232848307
72363,-1.0333632371588275
72364,-2.7627388663216217
73111,-3.170979506380445
73112,-3.3784137445388356
73113,-3.9600955273402034
73114,-3.763063268574685
73121,-1.2577511681722624
73122,-2.511908326720888
73123,-2.325023746281004
73124,-2.386719731108211
73131,-3.8555989045761665
73132,-3.194600148664354
73133,-3.8804374718553443
73134,-4.323629531921714
73141,-2.07123185
73142,-1.3855886109770355
73143,2.979503141620303
73144,-0.8865682748991702
73151,-2.393747838832037
73152,-1.7941035589251724
73153,-0.8030746888631488
73154,-3.2966149116588017
73161,-4.050187352436907
73162,-3.6535506050019597
73163,-1.8396625642652378
73164,-4.143130549456467
73211,-0.5626631498994055
73212,-3.5692037893256536
73213,-2.8625643665685407
73214,-3.175667176031279
73221,-0.620560016443458
73222,-2.161144675483168
73223,-1.9354297287775655
73224,-2.5269736914793404
73231,-3.412612629580354
73232,-3.0179415362389475
73233,-3.1369711125553335
73234,-2.3329495503039652
73241,-1.4985293330875191
73242,-1.9120208192758543
73243,-1.1704483542661726
73244,-1.4703758255987256
73251,-0.6963855696442268
73252,-1.5740132199116985
73253,-1.3757518061981304
73254,-1.9725624806029036
73261,-1.3800386541717593
73262,-3.066137665851151
73263,-3.0053829200629574
73264,-3.362600694133987
73311,-3.392031408959448
73312,-3.2930068171127322
73313,-3.6080680940162746
73314,-1.7947004658996724
73321,-0.8635272414845369
73322,-2.2156337774381183
73323,-1.9259428828615763
73324,-1.8281675526206855
73331,-1.1959755468417401
73332,-2.244279047870548
73333,-1.9841298391231523
73334,-1.8623809772720326
73341,-0.3632329242664458
73342,-2.5049687876546027
73343,-1.9641648715654387
73344,-3.1503352140170024
73351,0.25967720533129546
73352,-2.273116807255867
73353,-0.7678367065
73354,-1.6046989371890361
73361,-1.381817531928188
73362,-2.8587170602580168
73363,-3.2458642878829225
73364,-3.2747230550514144
74111,-3.9475631874822144
74112,-3.881492347064915
74113,-3.7200810385602137
74114,-1.6287258193925265
74121,-2.688164132522629
74122,-1.945834589826788
74123,-1.9215811252549506
74124,-1.5262736608973553
74131,-3.3101352450004384
74132,-4.176735976262778
74133,-1.8466960317882894
74134,-2.722531224959779
74141,-0.09499999999999992
74142,-0.7661408414486421
74143,-0.2537206174496217
74144,-0.01262509598199004
74151,-2.8399412723572306
74152,-3.0761814838539703
74153,-0.5645787065582385
74154,-2.234573668708337
74161,-3.2727992676123936
74162,-1.6561871206316514
74163,-2.6528433213863636
74164,-2.6161778864456746
74211,-3.8405662162497314
74212,-3.1711858320983373
74213,-2.7395732821264813
74214,-1.3495630706978383
74221,-3.174628588608729
74222,-0.46601765949878715
74223,-2.8711656223145328
74224,-2.991055401258572
74231,-1.9431726409588523
74232,-1.6076158109370224
74233,-2.057791261246509
74234,-2.1256858677944965
74241,-0.3696163723295353
74242,-2.041064118858988
74243,-0.6567777380586735
74244,-0.7250902969985512
74251,-0.40577793498993797
74252,-0.8090126193810119
74253,-0.37980905524129777
74254,-0.27528242449370743
74261,-3.221303333415908
74262,-3.141679216212255
74263,-2.919649015227021
74264,-1.5426996460415046
74311,-2.3503274868586073
74312,-2.9514808915367494
74313,-4.086153546731135
74314,-3.639215725056894
74321,-0.9695871921065408
74322,-0.7265071600173318
74323,-0.8961672729294688
74324,-0.9386224093033493
74331,-1.187030334688725
74332,-0.9699173335966264
74333,-2.4979327254518853
74334,-1.758362115777286
74341,0.4379173449999998
74342,-0.49978633941315664
74343,0.05154810672878929
74344,0.185
74351,0.15922552712924215
74352,0.486450057809244
74353,0.1225
74354,0.42705
74361,-2.600972181736739
74362,-1.6241198915801043
74363,-1.773426836800069
74364,-1.401448911779708
81111,-2.3217341819115065
81112,-1.335166405276136
81113,-2.230978857519211
81114,-2.562743947049017
81121,-2.246277129768627
81122,-2.663916041008479
81123,-0.6253596763936448
81124,-2.3816487657667977
81131,-1.5988629219109682
81132,-1.6954279566497967
81133,-0.08040899605016144
81134,-1.425788863459207
81141,0.1615557374087535
81142,-1.4217815651120878
81143,-0.9705445963322291
81144,-0.22484377223533591
81151,-0.5773867923018345
81152,-0.5763301243189217
81153,-0.24874196747177219
81154,-0.7642157781091954
81161,-2.683885211176743
81162,-2.662654716219468
81163,-0.4443709222137643
81164,-1.8083029823600727
81211,-2.4608615416571222
81212,-2.46527232374208
81213,-0.3773515138816639
81214,-2.317112292604021
81221,-1.1020653646669487
81222,-1.2401741186009918
81223,-0.166874361336805
81224,-0.8869558858238256
81231,-1.8871903782422113
81232,-1.5065021708383606
81233,-0.7377621849715367
81234,-0.8260252868981924
81241,0.41754668409717277
81242,-0.015533639251249176
81243,0.4105825412068494
81244,-0.3614795620068402
81251,-0.41013775599715574
81252,-0.6265062440090966
81253,-0.4326241646414448
81254,-0.23208018599015717
81261,0.920612638901606
81262,-1.0283791316783566
81263,-1.0215579151509817
81264,-1.1968709278036194
81311,-0.4405121094889113
81312,-1.2256926212345125
81313,-1.0625425249176237
81314,-1.453757256714523
81321,-0.0567043081644083
81322,-0.3635449120025951
81323,-1.272673161035738
81324,-0.5337735960344536
81331,0.019380759882335452
81332,-0.051010929076836575
81333,-0.5475651719675012
81334,0.24533257490800786
81341,-0.4149999999999999
81342,1.0688864190909915
81343,0.45
81344,0.5
81351,-0.050000000000000044
81352,-0.4309229604367449
81353,0.6209448749394743
81354,0.21401988650661274
81361,-0.7149999999999999
81362,-0.3139782798478656
81363,-0.9363952528051539
81364,-0.4103759793941732
82111,-3.1043922374271737
82112,-3.250619855761067
82113,-4.789795457849716
82114,-2.273496048767709
82121,-2.1298524334201185
82122,-0.6630661320224465
82123,-2.163506618079943
82124,-2.492657709328814
82131,-1.8556916267501125
82132,-1.7217659871188702
82133,-1.5098381889625838
82134,-3.4578077479816205
82141,-0.28902285761453594
82142,-0.5099461926759862
82143,-0.9310076248480714
82144,-0.35683761973180295
82151,-2.1498702511172585
82152,-0.28761645480753995
82153,-1.3775668136537234
82154,-1.0767704674127367
82161,-2.9753271216217674
82162,-0.5939164090815847
82163,-3.116582024350255
82164,-3.568348268417236
82211,-2.2037895199245594
82212,-2.1728790953627577
82213,-2.9702935853851162
82214,-0.5121855948266388
82221,-2.104632828798204
82222,-2.835599588233257
82223,0.36960641704495023
82224,-3.192680881988044
82231,-0.38231269036395743
82232,-2.150976380540834
82233,-1.9101177993652652
82234,-1.9449912820315665
82241,-0.34797184705195316
82242,-1.2801197511424083
82243,-0.6752937607338023
82244,-0.22140450484832483
82251,-1.4715656724990724
82252,-1.0301660574217788
82253,-2.0905249707313547
82254,-1.82256191581632
82261,-0.6193643544605666
82262,-1.9155342024236344
82263,-2.0124217557614994
82264,-1.9006861855899486
82311,-1.3493335845611365
82312,-1.335784580330548
82313,-1.9183857957355306
82314,0.35125911898644774
82321,-1.5197562917609668
82322,-1.1717843035873508
82323,-2.786928836245183
82324,-1.0966675156477064
82331,-0.5900760423835554
82332,-0.6439048993605292
82333,-0.8781856324088486
82334,0.6505718653579942
82341,-0.0906848650369334
82342,-0.4448404373712803
82343,-1.5887380022252406
82344,0.185
82351,-1.77313
82352,-0.7723
82353,-0.15041596234455074
82354,-0.7007364408112229
82361,-0.6676511581790882
82362,-2.2092888574660527
82363,-2.879970002965087
82364,-2.0485434927107447
83111,-3.0507270094095915
83112,-2.9766570393006777
83113,-0.6256643308598728
83114,-3.351714816837721
83121,-2.215724263027723
83122,-2.62601121530708
83123,-1.1956051027237473
83124,-2.429600931102616
83131,-1.8167204459635005
83132,-2.021771119352853
83133,-2.5019237788406254
83134,-2.2731107043760623
83141,-0.126307175
83142,-1.3815432301571853
83143,-0.10284545309186666
83144,-0.40812343491314274
83151,-1.360725953013422
83152,-0.7421741056830762
83153,-1.4388222297497029
83154,-1.65874498433335
83161,-3.745703049299712
83162,-0.9263901130521507
83163,-3.1735846300048682
83164,-3.2259166007877846
83211,-3.8515969959363328
83212,-2.933644842886995
83213,-2.0487152373683877
83214,-3.175563377335907
83221,-2.2806893316108523
83222,-0.9174372996720523
83223,-2.309303399671447
83224,-2.1380566095401043
83231,-0.4829640407615772
83232,-2.4232202957444544
83233,-1.8442058249680897
83234,-2.4393138226873847
83241,-1.6761932367371914
83242,-1.6684555591883412
83243,2.195505716373636
83244,-1.1831076324163927
83251,-1.2923520779915163
83252,-0.9445687731628376
83253,-1.1644659868419693
83254,-0.04068197618193073
83261,-0.3626477367585687
83262,-2.931668225351433
83263,-2.817992728528151
83264,-2.8092771695425833
83311,-0.8011524139806642
83312,-2.5080273079708526
83313,-1.9473490842294647
83314,-1.7134930881664947
83321,-0.1783977456471577
83322,-1.8571138911611604
83323,-2.429293064054969
83324,-1.6308292623623137
83331,-0.8885147239046299
83332,-0.8679517328885262
83333,-0.6707543567213872
83334,-0.9318657218117392
83341,-0.8871324242660359
83342,-0.5290564500000001
83343,-0.7615438492728244
83344,-0.7033899792795919
83351,-0.6648260802065803
83352,-1.2069748265911948
83353,-0.5617798866032847
83354,-0.0015750000000000265
83361,0.3225026387865514
83362,-1.950973486400224
83363,-1.2512393072442753
83364,-1.7515502838551338
84111,-3.316223052166146
84112,-1.1737308040580954
84113,-2.830292794523749
84114,-2.6900617477560678
84121,-3.2458823211646273
84122,-1.1242765286607153
84123,-1.8854812699872503
84124,-2.0092588496239117
84131,-0.41323582401748704
84132,-2.648208742782707
84133,-2.1675093035504442
84134,-3.184644128981951
84141,-1.0062080403663711
84142,-0.04242226164904735
84143,-1.5028478092408166
84144,-1.646681151033303
84151,-1.464326369313139
84152,-1.2603730173480092
84153,-1.6791914008434288
84154,-1.848160697242899
84161,-2.872414762560327
84162,-2.0774672248772825
84163,-2.8434032973352705
84164,-3.0338090179697965
84211,-0.20480655193006703
84212,-2.1918173480889696
84213,-2.0226355722366502
84214,-3.198876670617549
84221,-2.1368099813028563
84222,-1.3742182565058523
84223,-0.6273502717363796
84224,-1.3613655793870683
84231,-0.4104650898331781
84232,-1.1175974729837814
84233,-1.0036605884244025
84234,-0.9265867496427387
84241,-0.4294788756869256
84242,0.44023850711294016
84243,-1.1883791825727639
84244,-0.6603311053512465
84251,-0.08477057511904645
84252,-1.7938485445328431
84253,-0.7782501198461814
84254,-0.8769372685183544
84261,-2.4385760795895464
84262,-1.6757979304102824
84263,-1.7625495577272705
84264,-2.8694110646793707
84311,-1.94822141159407
84312,-1.8302956764671239
84313,-0.398265664897258
84314,-2.2361212804954036
84321,-0.7057287379900008
84322,-0.7266422120736267
84323,-0.5132130905779766
84324,-0.3355653982765471
84331,0.19054591340233756
84332,-1.5231770473629662
84333,-0.4839267897189427
84334,-0.3454062882465419
84341,0.5
84342,0.5
84343,0.5
84344,0.45499999999999996
84351,0.0322487855013282
84352,0.03565387142492338
84353,-0.6637203398584417
84354,0.07580000000000003
84361,-1.0388870382872533
84362,-1.14465603022976
84363,-1.3345375302720286
84364,-0.8508326008424655
91111,-5.6445158756002325
91112,-1.6110183823303494
91113,-3.428381803435488
91114,-2.7237987990063295
91121,-1.1596773693637665
91122,-2.077760485646168
91123,-2.32710396743237
91124,-1.9691000088400878
91131,-2.2151964229178613
91132,-2.380949385050109
91133,-1.9276329341985683
91134,-2.752407121231542
91141,-1.5046088114242548
91142,0.38942661476947193
91143,-0.9020724791408214
91144,0.3840416665765467
91151,-0.022960070039963965
91152,-1.1810152480719394
91153,-1.0794816208909954
91154,-1.800085093780016
91161,-2.2802148184356232
91162,-2.394705514875794
91163,-3.0943535215161457
91164,-3.3032069152703345
91211,-3.7340746017719324
91212,-1.6744301819139076
91213,-1.8355947257994671
91214,-2.7289006572777628
91221,-2.0710555291547785
91222,-2.3226078120530005
91223,-3.157240269387844
91224,-1.8191871901237917
91231,-1.1842690535500977
91232,-2.818615411203024
91233,-0.9682603913885941
91234,-0.40112096765916716
91241,-0.43819543915158987
91242,-1.172175804122321
91243,-0.9054678763751329
91244,-0.11810854205208668
91251,-0.882480938452219
91252,-0.618932868948739
91253,-0.7981160658207627
91254,-0.7823385466979977
91261,-2.1049640493529194
91262,-1.9214488930398725
91263,-2.3135164340181626
91264,-0.5439244244976589
91311,-1.7841754395479508
91312,-1.7379548401660347
91313,-1.6386658972717716
91314,-0.8688395528278088
91321,-0.7328973443328517
91322,-0.991034027924893
91323,-0.6299457241172173
91324,-0.7955786894691331
91331,-0.3447334469768754
91332,-0.5688675864787072
91333,-1.9038465135561868
91334,-0.35759932030116215
91341,-0.050000000000000044
91342,-2.1553812879809464
91343,-0.00574271841162746
91344,-0.050000000000000044
91351,0.4425
91352,-0.050000000000000044
91353,-0.050000000000000044
91354,-0.11499999999999988
91361,-0.644750336825989
91362,-1.7536991257065202
91363,-0.8092726007290981
91364,-0.5725489707125345
92111,-3.7603400922703503
92112,-3.861583530872097
92113,-1.6923349806870163
92114,-4.936227489729212
92121,-1.2670322910530478
92122,-3.281633141980482
92123,-3.477976854735318
92124,-2.03069542704693
92131,-1.332728442967932
92132,-2.7948194243520312
92133,-2.6231510183652804
92134,-3.1682425426247414
92141,-1.8455885239844527
92142,-1.6247506804787952
92143,-1.8125352818649998
92144,-2.3719733586777463
92151,-1.7706942245740065
92152,-1.9949697066649599
92153,-1.6472299284579384
92154,-0.3461156329412932
92161,-3.0597509804347442
92162,-3.092131560583983
92163,-3.3075481689658943
92164,-4.544469329481091
92211,-4.459763705356082
92212,-3.7046532958644063
92213,-3.6378791170850655
92214,-1.0373898007698357
92221,-3.5166330915052555
92222,-3.0127349857068566
92223,-0.7440906583763951
92224,-2.448507306089842
92231,-3.0016733582185684
92232,-2.710469874050733
92233,-1.567419062399202
92234,-2.5984017699014643
92241,-0.5513520792686275
92242,-1.2427841884043174
92243,-1.3934980437315274
92244,-0.5636683703166516
92251,-1.2344688182601713
92252,-2.5417091916181964
92253,-1.777097348311411
92254,-1.5223718617225348
92261,-2.8977950075241123
92262,-3.7134552197763715
92263,-3.1279007946216604
92264,-1.62546748944388
92311,-1.3283267591035903
92312,-4.0493979878266035
92313,-4.648629658826618
92314,-4.7939486081348885
92321,-3.2947852261419683
92322,-3.840649673666699
92323,-2.9224278793008738
92324,-1.7465781438550514
92331,-2.3753952627406694
92332,-3.063274194190531
92333,-2.6313787672610287
92334,0.10007634613237426
92341,-0.5295147172382546
92342,-0.4026270686621769
92343,-0.8153220569213838
92344,-0.17476638325667931
92351,-1.2655199529306884
92352,-1.3511185970603172
92353,-1.4395229343129727
92354,-1.0735863675354675
92361,-1.149190886565327
92362,-1.311581129822187
92363,-1.733398739867051
92364,-2.5179705626458295
93111,-3.697503232579145
93112,-2.3623520276208114
93113,-2.6623441956872185
93114,-3.4973628275863646
93121,-2.805991609361751
93122,-3.2297909645834517
93123,-3.4818809042846084
93124,-1.5499381953123526
93131,-3.276704354362559
93132,-2.521919187910954
93133,-2.623847040796555
93134,-2.8785319548375714
93141,-0.0635
93142,-0.7861634599904244
93143,-0.18178908986528766
93144,-0.11374797496570477
93151,-3.7738755839516367
93152,-3.057341378461441
93153,-0.6768669082105363
93154,-2.972040814369153
93161,-3.29742458718424
93162,-3.2763991276655706
93163,-1.5081311286237025
93164,-4.610457399473852
93211,-3.867701323490268
93212,-4.957106362168072
93213,-0.007502143721574155
93214,-4.170239681409358
93221,-1.0479237076584047
93222,-3.6151692630574015
93223,-3.516757479457584
93224,-3.167193723260291
93231,-2.9485447833708336
93232,-3.726594468648117
93233,-3.066734607226494
93234,-2.5568848453929243
93241,-2.2982803672080827
93242,-2.3087515532751333
93243,-2.128461940885753
93244,-0.6886571317167379
93251,-0.32645986809318206
93252,-3.0118053308998385
93253,-2.965920673575712
93254,-2.5910927324264597
93261,-0.11269532046488963
93262,-2.6156004480859787
93263,-2.859724507123605
93264,-3.3740268953859207
93311,-4.156741606716869
93312,-5.441659899813287
93313,-0.16939205034490934
93314,-4.202067333697475
93321,-3.26126075811175
93322,-2.797304522692743
93323,-1.9232155039518932
93324,-3.109592105616092
93331,-0.56329092807482
93332,-2.387930343635656
93333,-2.430183748109093
93334,-2.4131687548583063
93341,-0.9862189216819356
93342,-1.8279858733018082
93343,-1.020712852686695
93344,-2.338210001695397
93351,-0.547282364409029
93352,-0.6986577709582318
93353,-0.5350931440397395
93354,-2.0641499999999997
93361,-0.0917568379047291
93362,-2.3456284100261646
93363,-2.8969984289246393
93364,-2.267708967590412
94111,-3.997047121110217
94112,-3.6060370952251333
94113,-2.9376330797548236
94114,-0.72662324747446
94121,-2.8432223552152616
94122,-1.9604687222787833
94123,-2.477708335239508
94124,-2.179248867062742
94131,-2.939049385514463
94132,-2.570054634238554
94133,-1.0572684504950485
94134,-3.304863585032128
94141,-0.5706091674427685
94142,-1.2771887398756894
94143,0.04133387513598488
94144,-1.6101100643775519
94151,-1.5218115261524396
94152,-1.1388150782603301
94153,0.3998781193525728
94154,-1.1519574808674702
94161,-2.5297849447808716
94162,-2.830018481706373
94163,-1.3449506679671366
94164,-3.2369206918956883
94211,-3.9847983438782943
94212,-3.068997925833865
94213,-0.8067399015896997
94214,-2.7295952395024945
94221,-2.2444753917124345
94222,-1.2829417198986646
94223,-2.9555875399840232
94224,-2.3587080333098736
94231,-2.0925389392643727
94232,-3.3385434783349472
94233,-2.7178704191547176
94234,-2.0989318031595783
94241,-1.301703952376633
94242,-1.5073026712634259
94243,0.43049733051557837
94244,-1.0314411019588396
94251,0.5718983024914278
94252,-2.2571817085453683
94253,-0.7120679444960624
94254,-0.7745040075218083
94261,-1.4533737483749682
94262,-1.7587693380059486
94263,-1.3596612622834123
94264,-0.038178827173848684
94311,0.931748596486462
94312,-3.4198237181778857
94313,-3.373347185793024
94314,-3.400669952385733
94321,-1.6315615501026124
94322,-1.7130731535995167
94323,-1.8180752775608586
94324,-1.4726711262656873
94331,-1.8615054837936778
94332,-0.8988372482866873
94333,-1.0792752956407243
94334,-1.3466101048805688
94341,-0.325
94342,-0.47266864116554425
94343,-0.677225954876818
94344,-0.7809364250735926
94351,-0.15804294647402162
94352,-0.9834999999999999
94353,-1.9001500000000002
94354,-0.6228912817633507
94361,-1.6478085965821414
94362,-0.77425585425731
94363,-0.1679083783688769
94364,-1.0495170423421576
