11111,-0.050000000000000044
11112,-2.344928870401386E-4
11113,0.18628109508164126
11114,1.0687139636545702
11121,1.3744659626850457
11122,0.5
11123,0.5
11124,0.5
11131,0.3614201495836648
11132,-0.1200000000000001
11133,1.1029851798424355
11134,0.4608
11141,0.5
11142,0.5
11143,0.5
11144,0.5
11151,1.9915321595808695
11152,0.5
11153,0.5
11154,0.5
11161,-0.050000000000000044
11162,0.25861745297848393
11163,1.4332475455261973
11164,0.48
11211,-1.05
11212,-0.47380938937680717
11213,1.0246818595369152
11214,-0.6142405918720002
11221,-0.6298732204455776
11222,-0.2958318089595936
11223,-0.52
11224,0.40235275426039413
11231,0.506109276973594
11232,-0.20679586741046568
11233,-0.017679581573374903
11234,-0.6771361074265766
11241,0.34569807020032006
11242,0.45
11243,-0.03945246343411146
11244,0.5
11251,1.2611341190226069
11252,0.5
11253,0.5
11254,0.5
11261,-1.05
11262,-0.24326896085902272
11263,-0.5162691849145025
11264,0.5294322000504402
11311,-0.21599390515199995
11312,-0.18655999999999995
11313,0.10880000000000001
11314,0.28084631200720966
11321,-0.1392000000000001
11322,0.27999999999999997
11323,0.2291696343423385
11324,1.3303913364749615
11331,-0.52
11332,0.8385672761242025
11333,0.5
11334,0.5
11341,0.27999999999999997
11342,0.48606090810483227
11343,0.48
11344,0.48
11351,0.27999999999999997
11352,0.470286614590136
11353,0.08208821420425216
11354,0.8608
11361,-0.3200851753631306
11362,-0.17914395960398777
11363,-0.032489849642414304
11364,0.06879999999999994
12111,1.0837721467958052
12112,0.07999999999999996
12113,0.12726627206166186
12114,-0.931392
12121,0.27999999999999997
12122,0.533446144
12123,0.5
12124,0.5
12131,0.47819355344878156
12132,0.5
12133,0.5
12134,0.5
12141,1.1238604799999998
12142,0.5
12143,0.5
12144,0.5
12151,0.5
12152,0.5
12153,0.5
12154,0.5
12161,-0.55
12162,0.0638591999999999
12163,1.0215005205417447
12164,-0.029196800000000023
12211,1.4380179682993393
12212,-0.4888181760000001
12213,-0.24878364112559437
12214,-0.6371945472
12221,0.650877443735542
12222,0.37241862540040244
12223,0.2794920720042351
12224,0.19082769096700825
12231,1.635451938927071
12232,-0.00826255381523211
12233,0.3205025581058006
12234,-0.050000000000000044
12241,0.09239456334355489
12242,0.5893079458159745
12243,0.5
12244,0.5
12251,0.8423135894967936
12252,0.5
12253,0.5
12254,0.5
12261,2.8654870922611924
12262,0.5
12263,0.5
12264,0.5
12311,-0.34963200000000005
12312,0.12313939270303734
12313,-0.2780035116114596
12314,0.6958961155085792
12321,0.27999999999999997
12322,-0.21068595101007748
12323,0.28881424484322504
12324,-0.25915137424154344
12331,-0.5929600000000002
12332,-0.34379226725581813
12333,-0.13409504386257942
12334,1.3885621209520027
12341,0.5
12342,0.5
12343,0.5
12344,0.5
12351,0.4122086618498175
12352,0.48
12353,-0.05613303812525361
12354,0.5
12361,0.27999999999999997
12362,0.28829429232350834
12363,0.2027775638266177
12364,1.2644547109493782
13111,0.2066546496887638
13112,0.9628906309202362
13113,-0.4333444939783363
13114,-0.575
13121,0.27999999999999997
13122,0.929544421380718
13123,0.5
13124,0.5
13131,-0.050000000000000044
13132,0.45
13133,1.2091564831423247
13134,0.5
13141,-0.47163097080530914
13142,0.9265068910369818
13143,0.5
13144,0.5
13151,0.7089119124469052
13152,0.5
13153,0.5
13154,0.5
13161,0.45
13162,0.4729438402106071
13163,0.35584872173807625
13164,0.5
13211,0.19656728179786387
13212,0.24642429160895857
13213,0.7579983367224606
13214,0.08478715851424545
13221,0.6258355186553761
13222,-0.05999172930583674
13223,-0.3759999999999999
13224,0.11535383955152345
13231,-0.09138740472291007
13232,0.1192319999999999
13233,0.23381597747946914
13234,0.8179244346748471
13241,0.5
13242,0.5
13243,0.5
13244,0.5
13251,0.40223999999999993
13252,1.0187222462680279
13253,-0.13803447126861473
13254,0.27999999999999997
13261,0.27999999999999997
13262,9.706668155118336E-4
13263,-0.4855276454312154
13264,2.2922492785512314
13311,0.8081320233776764
13312,-0.8697134711125191
13313,-0.15454720000000005
13314,0.0866239141361152
13321,0.8482225662653062
13322,-0.2951163059369504
13323,-0.1472000000000001
13324,0.10770104197769459
13331,0.27999999999999997
13332,-0.3360000000000001
13333,0.060799999999999965
13334,0.6620484005821847
13341,-0.09120000000000006
13342,-0.1200000000000001
13343,0.6799999999999999
13344,0.5
13351,0.6151453960990388
13352,-0.5586319737713505
13353,-0.14614541691760108
13354,0.07999999999999996
13361,0.7666541206989269
13362,0.5
13363,0.5
13364,0.5
14111,-0.1656320000000001
14112,0.04236800000000002
14113,-0.07427589573258675
14114,1.2500258662573074
14121,0.48
14122,1.1387587639103867
14123,0.5
14124,0.5
14131,1.4056921796687591
14132,0.319240704
14133,0.38553653926891207
14134,0.48
14141,0.5
14142,4.45
14143,0.5
14144,0.5
14151,0.6799999999999999
14152,0.5
14153,0.5
14154,0.5
14161,0.07999999999999996
14162,0.41050649536076766
14163,1.1214329932854343
14164,0.5
14211,0.26007042492367227
14212,0.05036799999999991
14213,0.14068040167935594
14214,0.1561977265121346
14221,-0.734272
14222,0.09349887999999995
14223,1.1506806110770682
14224,-0.1240142879036421
14231,-0.1200000000000001
14232,0.07999999999999996
14233,0.5101772795212757
14234,0.5
14241,-0.11227389420827005
14242,0.4608
14243,-0.30732800000000005
14244,-0.33920000000000006
14251,-0.050000000000000044
14252,-0.14500000000000002
14253,0.27999999999999997
14254,0.2980977236569266
14261,-0.52
14262,0.10880000000000001
14263,0.07393280000000002
14264,0.7862865105412812
14311,-0.3624912861025804
14312,-0.3312
14313,1.1989537927491254
14314,-0.3084773066153473
14321,0.48803413483214175
14322,0.07999999999999996
14323,1.1159397379374867
14324,0.5
14331,0.45279999999999987
14332,-0.03100266741760005
14333,0.9803921553714094
14334,0.5
14341,0.5
14342,0.5
14343,0.5
14344,0.5
14351,0.368448
14352,0.48
14353,0.6807839351405452
14354,0.44102774307940107
14361,0.4987555734690674
14362,0.26388386324650637
14363,-0.008184895723634344
14364,0.27999999999999997
21111,0.45
21112,0.13276406495580034
21113,0.3427143105455263
21114,1.8237246463418484
21121,-0.050000000000000044
21122,0.16893742826765523
21123,0.3938001118400652
21124,0.07999999999999996
21131,1.592282198995489
21132,0.5
21133,0.5
21134,0.5
21141,0.779615898544441
21142,0.45
21143,0.45
21144,-0.55
21151,0.9326080000000001
21152,0.5
21153,0.5
21154,0.5
21161,0.260286885952262
21162,0.48
21163,0.27999999999999997
21164,2.214372172004281
21211,-1.05
21212,0.45
21213,1.0353192444518204
21214,0.5
21221,0.013234120847382402
21222,0.5488657998886475
21223,0.25468216830429213
21224,0.047726080000000004
21231,0.48
21232,-0.027794834138468838
21233,1.5968722893679619
21234,0.5
21241,0.7897997496876868
21242,0.5
21243,0.5
21244,0.5
21251,0.27999999999999997
21252,1.2071128272149765
21253,0.009460377727215086
21254,0.2607999999999999
21261,0.45
21262,0.44063761482057495
21263,1.7606997134518116
21264,0.5
21311,0.18307839999999997
21312,0.14377466013814474
21313,-0.17920000000000014
21314,1.0802936313637634
21321,0.27999999999999997
21322,0.40146417664
21323,0.10883514680286688
21324,1.3288146387775281
21331,-0.1200000000000001
21332,1.1027760640807727
21333,-0.18711080120572848
21334,0.1190015533302497
21341,0.4768
21342,1.008021354352207
21343,0.5
21344,0.5
21351,0.49622721451699947
21352,0.6104253281613379
21353,0.5
21354,0.5
21361,0.7391252127279389
21362,0.46444026040739966
21363,0.3913704923589683
21364,0.27999999999999997
22111,-0.050000000000000044
22112,0.37942538216546934
22113,0.21926572962792085
22114,0.394065502250179
22121,-0.31747231964386674
22122,-0.01632
22123,0.4392798960089078
22124,0.45778748565353106
22131,-0.050000000000000044
22132,-1.3511000000000002
22133,1.268288493782354
22134,-0.050000000000000044
22141,0.48
22142,0.5
22143,0.5
22144,0.5
22151,0.95
22152,0.5
22153,0.5
22154,0.5
22161,0.4788609541542941
22162,0.07999999999999996
22163,0.21418188111691183
22164,1.5570251879449901
22211,0.4114340700160001
22212,0.1509557963128968
22213,1.331259972198961
22214,0.13
22221,1.0157772989902993
22222,-0.050000000000000044
22223,-0.050000000000000044
22224,0.42803096130899765
22231,0.27999999999999997
22232,0.4945453919533708
22233,0.9891001989586558
22234,0.5
22241,0.7934761170440974
22242,0.45355044656525045
22243,0.38052037399621824
22244,0.4608
22251,0.5
22252,0.5
22253,1.431619341159799
22254,0.5
22261,0.13
22262,2.9353220312735226
22263,0.5
22264,0.5
22311,0.054210871402660135
22312,0.053707454685306355
22313,1.1899911881460221
22314,0.07143976388131434
22321,0.29233554770213177
22322,-0.3615519083318248
22323,0.2583416007159983
22324,0.25022892154435095
22331,1.4377981307842387
22332,0.27999999999999997
22333,0.38440069120000003
22334,-0.024483664846153275
22341,0.27999999999999997
22342,0.48
22343,0.48
22344,0.5
22351,0.28108770128989813
22352,0.19287231605012
22353,0.666557667999859
22354,0.26399999999999996
22361,0.22855680000000003
22362,-0.12408407122370924
22363,1.635709833756296
22364,0.14431715362600528
23111,-0.17631869627074703
23112,0.8909556921206235
23113,0.1501873685394291
23114,-0.020724025376140043
23121,0.45
23122,0.27999999999999997
23123,0.7556060627037064
23124,0.45
23131,0.45
23132,1.6566624830782513
23133,0.5
23134,0.5
23141,0.8974466153955024
23142,0.5
23143,0.5
23144,0.5
23151,-0.31999999999999995
23152,1.195217711588615
23153,0.5
23154,0.5
23161,-0.2215539776299803
23162,1.492478119897163
23163,0.13618431999999991
23164,0.27999999999999997
23211,0.45
23212,0.07999999999999996
23213,0.40748547118777523
23214,1.0803098334486037
23221,0.07046311630031354
23222,0.6236103639686439
23223,0.1347585248574572
23224,0.15568915244122603
23231,0.37749999999999995
23232,1.673004387776338
23233,0.4264974433573574
23234,0.1045543333323457
23241,1.333286821190419
23242,0.5
23243,0.5
23244,0.5
23251,0.36652544
23252,-0.12249232659304032
23253,0.5
23254,0.5
23261,1.260544306707043
23262,0.5
23263,0.5
23264,0.5
23311,0.25486450120339327
23312,0.07999999999999996
23313,1.7499215618409893
23314,-0.19936092690606289
23321,0.3305720343582927
23322,0.05279999999999985
23323,0.9368234511901188
23324,0.2463347918857517
23331,0.45279999999999987
23332,0.4608
23333,2.085587483116165
23334,0.29523249854833167
23341,0.8528
23342,0.5
23343,0.5
23344,0.5
23351,0.27999999999999997
23352,0.04674203696495155
23353,0.8885675294651421
23354,0.27999999999999997
23361,-0.06720000000000004
23362,1.9857054267991763
23363,-0.050000000000000044
23364,-0.02551030855949854
24111,-0.050000000000000044
24112,-0.55
24113,1.3127511333428847
24114,-0.13386256106370803
24121,0.34355169892396836
24122,0.38434491077565036
24123,1.7027876118042338
24124,0.5
24131,-0.050000000000000044
24132,-1.05
24133,-1.05
24134,1.687944396509514
24141,0.95
24142,0.5
24143,0.5
24144,0.5
24151,-0.050000000000000044
24152,-0.050000000000000044
24153,1.24506368
24154,0.5
24161,2.779604221078998
24162,0.5
24163,0.5
24164,0.5
24211,0.2272255889099637
24212,0.3588871198757948
24213,-0.050000000000000044
24214,1.1219204573101984
24221,0.4742383923192073
24222,3.3427677649538077
24223,0.5
24224,0.5
24231,0.3820959512581946
24232,0.10010438552600986
24233,1.7033427461465558
24234,0.5
24241,0.07999999999999996
24242,0.333888
24243,1.022427428804822
24244,0.5
24251,0.48
24252,0.3734710220328529
24253,0.2703005695380986
24254,2.070762529941205
24261,-1.05
24262,0.27999999999999997
24263,1.0383722576678664
24264,0.4492662429553008
24311,0.45
24312,0.3123406826319146
24313,1.9543347044544535
24314,0.5
24321,0.48
24322,0.48
24323,1.6510310101844734
24324,0.5
24331,0.07999999999999996
24332,0.07999999999999996
24333,1.5791614509533958
24334,0.20730694816299847
24341,0.2368
24342,1.3249006714879998
24343,0.5
24344,0.5
24351,0.3707669233664
24352,0.33908063436800007
24353,0.7313838664115673
24354,0.4474787259143923
24361,0.45279999999999987
24362,0.42668799999999996
24363,0.9513092978498774
24364,0.5
31111,0.17500000000000004
31112,1.3368846605610991
31113,0.5
31114,0.5
31121,0.9655050736552494
31122,0.5
31123,0.5
31124,0.5
31131,1.415129921102225
31132,0.5
31133,0.5
31134,-0.55
31141,0.48
31142,0.48
31143,0.48
31144,0.9953280000000002
31151,0.424
31152,0.2527999999999999
31153,0.9776332799999999
31154,0.48
31161,0.12501862306817224
31162,-0.0016455454168025074
31163,0.922227982760386
31164,0.42467328
31211,-0.1200000000000001
31212,-0.010630256962283258
31213,0.7261789934344217
31214,-0.013116789166187415
31221,0.27999999999999997
31222,0.48
31223,0.7411805216681346
31224,0.5
31231,0.39262766629655654
31232,0.4792233137311257
31233,1.032235680459979
31234,0.5
31241,0.48
31242,0.48
31243,0.6997559234775765
31244,0.5
31251,0.7194446100462677
31252,0.5
31253,0.5
31254,0.5
31261,0.45
31262,-0.019340420221238497
31263,0.45
31264,0.8629527734247304
31311,-3.3495867245801554
31312,-0.34544595092822533
31313,-0.31339251881874886
31314,-0.26672250621444915
31321,0.0016204799999999242
31322,0.7207567664287362
31323,0.2519101256436398
31324,0.27999999999999997
31331,0.27999999999999997
31332,0.42860836371169286
31333,0.003169691231330707
31334,0.811008
31341,0.45279999999999987
31342,0.5
31343,0.5
31344,0.5
31351,0.4356795248395394
31352,1.0530410496864935
31353,0.5
31354,0.5
31361,0.037672386848022654
31362,0.1987804870684865
31363,0.46076315306135385
31364,0.48
32111,-0.575
32112,-0.325
32113,1.285174170784754
32114,0.20040935180120095
32121,-0.03795317035138546
32122,0.6914878737640309
32123,0.5
32124,0.5
32131,-1.5499999999999998
32132,0.45
32133,-2.972082110593413
32134,0.45
32141,0.87721728
32142,0.5
32143,0.5
32144,0.5
32151,0.5
32152,0.5
32153,0.5
32154,0.5
32161,1.0084620956957846
32162,0.5
32163,0.5
32164,0.5
32211,-0.4793278755369832
32212,-0.3507109553804946
32213,-0.417495409400096
32214,-0.16595705303281638
32221,0.26215168
32222,-0.20652705572589725
32223,0.529807690746689
32224,0.0976042546947618
32231,1.6057847828096334
32232,0.33083639364452333
32233,0.23107015843910084
32234,0.2508022493980476
32241,0.06883337912234672
32242,0.5
32243,0.5
32244,0.5
32251,-0.1200000000000001
32252,0.12143775961329245
32253,0.47445700616082526
32254,0.5
32261,0.09109678080000005
32262,-0.1200000000000001
32263,0.05307415735065629
32264,1.5826850999954871
32311,0.49119513585535757
32312,-0.5535808512000001
32313,-0.5264614760956561
32314,-0.31356030754213915
32321,0.7067165881124035
32322,-0.31999999999999995
32323,0.17795675431238595
32324,0.1656706213320824
32331,0.6639928106767929
32332,-0.7390792789932119
32333,-0.3133981995897044
32334,-0.4267065941284308
32341,0.5
32342,0.5
32343,0.5
32344,0.5
32351,1.2626784946539482
32352,0.5
32353,0.5
32354,0.5
32361,-0.023335718778964787
32362,0.21025435643135576
32363,-0.08749311999999998
32364,-0.20920099182137097
33111,-0.10149002382060363
33112,0.45350658718493186
33113,-0.12504460029093134
33114,0.017775128441220367
33121,0.05279999999999985
33122,0.2938748315059301
33123,-0.07910302996740703
33124,0.5
33131,0.45568191552827764
33132,0.48
33133,0.9718809679174113
33134,0.5
33141,0.5
33142,0.5
33143,0.5
33144,0.5
33151,0.6725610539495891
33152,0.5
33153,0.5
33154,0.5
33161,-0.1200000000000001
33162,0.16183695444899693
33163,1.728980060574195
33164,0.5
33211,-1.2805
33212,-0.0504695520506675
33213,0.8938866474002451
33214,-0.6310913141177433
33221,0.7795541469054745
33222,0.45
33223,0.5
33224,0.5
33231,0.23325433471680046
33232,0.2832117906998385
33233,1.3161436768186379
33234,0.5
33241,0.6721122376824813
33242,0.5
33243,0.5
33244,0.5
33251,0.27999999999999997
33252,-0.1200000000000001
33253,1.0027904
33254,0.5
33261,0.2797729506406563
33262,0.4536109312354017
33263,0.26783999999999997
33264,0.7003491163122983
33311,-0.3464792444179482
33312,-0.3216913528165697
33313,-0.8695757049794646
33314,-0.3183636622195627
33321,-0.38371153920000023
33322,-0.22867315986602432
33323,0.48857895748406033
33324,-0.4189393016296613
33331,-0.18886400000000003
33332,-0.29430365798399993
33333,-0.060420907488720976
33334,-0.39964198994509526
33341,1.0613742182400003
33342,0.5
33343,0.5
33344,0.5
33351,0.27999999999999997
33352,0.48
33353,0.4671792021504
33354,0.40805888
33361,0.07999999999999996
33362,-0.1200000000000001
33363,0.419420350947891
33364,-0.1307896832
34111,0.27999999999999997
34112,-0.1840612839784448
34113,0.25268459041243213
34114,0.13108760191371166
34121,1.771328
34122,0.5
34123,0.5
34124,0.5
34131,1.7784935345610544
34132,0.5
34133,0.5
34134,0.5
34141,0.3127140883819357
34142,0.27999999999999997
34143,0.5
34144,0.5
34151,1.1974333169664
34152,0.5
34153,0.5
34154,0.5
34161,0.48
34162,-0.1200000000000001
34163,0.8322950591004885
34164,0.5
34211,0.323695546368
34212,0.0025159311474127755
34213,1.6834443715547438
34214,0.5
34221,0.218688
34222,-0.21454522041827184
34223,0.5986708357790471
34224,0.27999999999999997
34231,0.48
34232,0.42522394232565985
34233,0.9786954976357016
34234,0.5
34241,0.8097630088886231
34242,0.5
34243,0.5
34244,0.5
34251,0.07999999999999996
34252,0.8528
34253,0.5
34254,0.5
34261,-0.72
34262,0.24967681562802135
34263,1.157942964464565
34264,0.27999999999999997
34311,0.27999999999999997
34312,0.17863214192021742
34313,0.34902206429601046
34314,0.27999999999999997
34321,-0.0808319999999999
34322,0.10578688000000003
34323,0.03373562153462617
34324,0.12524444958487657
34331,0.27999999999999997
34332,0.7196528978123918
34333,0.27999999999999997
34334,0.2527999999999999
34341,0.6799999999999999
34342,0.5
34343,0.5
34344,0.5
34351,-0.17331200000000013
34352,0.48
34353,0.6775620254023758
34354,0.5
34361,0.05279999999999985
34362,0.5709042714087242
34363,0.5
34364,0.5
41111,0.24547897097349614
41112,1.6894831001486024
41113,-0.6535562593492341
41114,0.07999999999999996
41121,0.7625996710470488
41122,0.5
41123,0.5
41124,0.5
41131,0.6497553190108227
41132,0.5
41133,0.5
41134,0.5
41141,-0.485
41142,0.5
41143,0.5
41144,0.5
41151,-0.1200000000000001
41152,0.6799999999999999
41153,0.5
41154,0.5
41161,0.004845152502624073
41162,1.7189824881107163
41163,0.5
41164,0.5
41211,-0.5138384760038247
41212,0.11853375990331927
41213,0.19936557050260342
41214,0.5435871059364181
41221,0.26443473474118623
41222,0.034367999999999954
41223,0.27861484170575257
41224,0.3676298401780851
41231,0.19013235171791254
41232,-0.1392000000000001
41233,1.449662052944287
41234,-0.01945528102955879
41241,0.2764188698315315
41242,0.3278206612081337
41243,-0.31999999999999995
41244,1.9734517731521761
41251,0.48
41252,0.48
41253,1.4606005400036866
41254,0.28844800000000004
41261,0.35417952349955306
41262,-0.08255529000927986
41263,1.541559542125638
41264,0.38656767999999997
41311,-0.1200000000000001
41312,0.48
41313,0.48
41314,0.8370505777107591
41321,-0.31999999999999995
41322,0.8963415442934932
41323,-0.12462377734191454
41324,0.27999999999999997
41331,0.27999999999999997
41332,0.11625195927321408
41333,0.19687114449395238
41334,1.1660893661329832
41341,-0.18026409832078272
41342,0.48
41343,0.48
41344,0.48
41351,0.11524241609222596
41352,0.21016434102066983
41353,0.36608211091045295
41354,1.0005495927313852
41361,0.46952796717893813
41362,0.07384800031956074
41363,0.0017961628339880908
41364,0.2607999999999999
42111,0.07688046472308574
42112,0.267529352690662
42113,0.2576837483736207
42114,0.39795538390381324
42121,0.27999999999999997
42122,1.0436900886132303
42123,0.5
42124,0.5
42131,0.4679060139120086
42132,0.5
42133,0.5
42134,0.5
42141,0.5
42142,0.5
42143,0.5
42144,0.5
42151,0.88
42152,0.5
42153,0.5
42154,0.5
42161,0.04703999999999986
42162,0.07732742143999993
42163,0.48
42164,0.8347986452480001
42211,-0.3471456857515588
42212,-0.5359483298521748
42213,1.3690397146061224
42214,-0.47557681398274954
42221,-0.17084160000000004
42222,0.06820844209393839
42223,0.6853973745403943
42224,0.2784023134476269
42231,1.586381266219214
42232,-0.06487575137801893
42233,0.15053110416562349
42234,0.32743762462745774
42241,-0.277944728341172
42242,0.4608
42243,0.4608
42244,0.5825494795783257
42251,0.48
42252,0.48
42253,0.9958265131464721
42254,0.5
42261,0.3023141160586337
42262,0.13048461716075466
42263,1.5404826750019172
42264,-8.48235853288859E-4
42311,-0.12883470535241093
42312,0.20963319898689925
42313,0.061047513575068546
42314,0.47363745600067253
42321,0.41833749060037784
42322,0.2471323350098992
42323,-0.31155199999999994
42324,0.1375349717362701
42331,0.9701084487085088
42332,0.2527999999999999
42333,-0.015400534252707598
42334,-0.07464116183627656
42341,0.48
42342,0.05279999999999985
42343,0.30879999999999996
42344,0.6604478557845251
42351,0.31877017431948695
42352,0.48
42353,0.27999999999999997
42354,0.47720012364181186
42361,-0.3296406926130441
42362,-0.22962633518258332
42363,-0.7459517804555801
42364,-0.17819897165886098
43111,0.12263559632873705
43112,0.0557556683017727
43113,0.35961822975686564
43114,1.6408948722785508
43121,0.48
43122,0.5
43123,0.5
43124,0.5
43131,0.5
43132,0.5
43133,0.9283405439066277
43134,0.5
43141,0.5
43142,0.5
43143,0.5
43144,0.5
43151,-0.31999999999999995
43152,0.43679999999999997
43153,0.9265032168956272
43154,0.5
43161,-0.04800000000000004
43162,0.9505155020932501
43163,0.5
43164,0.5
43211,-0.32561410883606046
43212,-0.9892762597614401
43213,1.1250989835677325
43214,-0.4647857322937676
43221,0.7806338052061983
43222,0.20014481503626957
43223,0.2607999999999999
43224,0.08872705534448211
43231,0.34406203040221056
43232,0.2160847559526679
43233,-0.1200000000000001
43234,1.2202542759034434
43241,0.1862082388789974
43242,1.5655466476274502
43243,0.5
43244,0.5
43251,-0.314301607306218
43252,-0.0023119471596771135
43253,1.0472184361800287
43254,-0.043351018303212085
43261,-0.3207756643808115
43262,-0.32136332009173113
43263,1.9078369337366303
43264,-0.15772685838849704
43311,-0.6076484052126797
43312,-0.5996623245505337
43313,1.8432658836892999
43314,-0.7125385180972494
43321,0.27999999999999997
43322,0.3073492312173501
43323,1.0105683381958457
43324,0.29354332131202465
43331,0.8983133056605055
43332,0.2590336
43333,0.29279999999999995
43334,-0.1200000000000001
43341,0.3757313682526404
43342,0.060799999999999965
43343,0.2654276608
43344,-0.52
43351,-0.306448132860025
43352,-0.5513832667068161
43353,1.0168466673682732
43354,-0.3982699744349235
43361,0.18689609714272848
43362,-0.5598829610074828
43363,1.1609428256737773
43364,0.15661779610593804
44111,-0.048340415029692996
44112,0.3669402049607712
44113,0.9110496581891813
44114,0.37572373905407996
44121,0.48
44122,0.07999999999999996
44123,0.48810109907698057
44124,0.07999999999999996
44131,0.39928090660720816
44132,0.27999999999999997
44133,0.48
44134,0.5
44141,0.5
44142,0.5
44143,0.5
44144,0.5
44151,0.6799999999999999
44152,0.5
44153,0.5
44154,0.5
44161,0.392
44162,-0.11500463562324192
44163,0.2840060033669529
44164,0.5
44211,-0.07178271028548014
44212,-0.1333900675567509
44213,1.7391686710903245
44214,-0.3122148769852191
44221,1.8489514830825455
44222,0.05279999999999985
44223,0.06697289493603159
44224,0.07999999999999996
44231,0.12703999999999993
44232,-0.1200000000000001
44233,1.0299281545454233
44234,0.3167806473266017
44241,0.27999999999999997
44242,0.26868625062179063
44243,0.4879701102013556
44244,0.5
44251,0.48
44252,0.424
44253,1.5343234756498667
44254,0.5
44261,0.24
44262,0.27999999999999997
44263,1.8603767430839226
44264,0.1708630562343154
44311,0.27999999999999997
44312,0.44134826432189456
44313,2.226076576321624
44314,0.5
44321,0.48
44322,0.5788769650164223
44323,0.5
44324,0.5
44331,0.48
44332,0.48
44333,1.296919456436907
44334,0.2993467093713126
44341,0.08962222080000015
44342,0.42304213270528
44343,0.5
44344,0.5
44351,-0.1200000000000001
44352,-0.14995199999999997
44353,0.7168562922777778
44354,-0.0768981012744352
44361,0.50187281809408
44362,0.27999999999999997
44363,0.43473850868725744
44364,0.3021778227765422
51111,1.2837701593154067
51112,0.5
51113,0.5
51114,0.5
51121,0.8559288431351417
51122,0.45
51123,0.5
51124,0.5
51131,1.2290159252982849
51132,0.5
51133,0.5
51134,0.5
51141,0.5
51142,0.5
51143,0.5
51144,0.5
51151,0.7338938174282191
51152,0.5
51153,0.5
51154,0.5
51161,2.163347919357597
51162,0.5
51163,0.5
51164,0.5
51211,1.255565052372002
51212,0.4448099999999999
51213,0.47261474345564036
51214,0.48
51221,0.43395459503030465
51222,0.48
51223,0.9924112546703374
51224,0.5
51231,0.48
51232,0.48
51233,1.8989224692842912
51234,0.5
51241,0.48
51242,0.4956991807679842
51243,0.6948654003897237
51244,0.5
51251,0.48
51252,0.3049861900581339
51253,1.505866071691852
51254,0.5
51261,0.48066631982381325
51262,0.27999999999999997
51263,2.362172335385359
51264,0.45
51311,0.49984
51312,0.2968444339493284
51313,1.0092668479012767
51314,0.5
51321,0.35436982524530897
51322,0.31032273689790957
51323,0.3374548827409321
51324,0.27999999999999997
51331,1.0451231675994348
51332,0.5
51333,0.5
51334,0.5
51341,0.45279999999999987
51342,0.48
51343,0.48
51344,0.5
51351,0.48
51352,0.48
51353,1.1057961572783421
51354,0.5
51361,0.49052803766496067
51362,0.8426306752327607
51363,0.5
51364,0.5
52111,0.4640618725847654
52112,1.560800076465257
52113,0.5
52114,0.5
52121,0.45
52122,0.21999999999999997
52123,0.5
52124,0.5
52131,0.45
52132,1.2570661967080161
52133,0.5
52134,0.5
52141,0.783579362381763
52142,0.5
52143,0.5
52144,0.5
52151,0.5
52152,0.5
52153,0.5
52154,0.5
52161,0.7616703874740753
52162,0.5
52163,0.5
52164,0.5
52211,0.1304340008274694
52212,0.13700378703421484
52213,1.1906406955266116
52214,0.32739699505927194
52221,0.3436979695412844
52222,0.3627013050591737
52223,0.7882285944519088
52224,0.15180143520209963
52231,-0.050000000000000044
52232,0.45401095882186376
52233,1.5011076045945904
52234,0.44432305597195026
52241,1.4316807815194623
52242,0.5
52243,0.5
52244,0.5
52251,0.48
52252,0.48
52253,0.5833800403925339
52254,0.5
52261,0.48
52262,0.42668799999999996
52263,1.5723304148769666
52264,0.5
52311,0.41950437906636373
52312,0.4059382210912785
52313,0.5264902048881634
52314,0.3884399335707384
52321,0.4575631679656469
52322,0.3916250807751563
52323,0.7454544660972543
52324,0.272767819282158
52331,0.48
52332,1.1188822917039585
52333,0.5
52334,0.5
52341,0.9165512891533951
52342,0.5
52343,0.5
52344,0.5
52351,0.49656206199095293
52352,0.29516131305407556
52353,0.22436961781759795
52354,0.3912151269490597
52361,0.48375906598912
52362,0.3969900904103614
52363,0.9726858295231013
52364,0.5
53111,0.48
53112,0.48
53113,1.1462662308453542
53114,0.5
53121,0.1914079999999999
53122,0.10985208103003163
53123,0.5
53124,0.5
53131,1.2228549866665914
53132,0.5
53133,0.5
53134,0.5
53141,0.5
53142,0.5
53143,0.5
53144,0.5
53151,0.5
53152,0.5
53153,0.5
53154,0.5
53161,-1.5499999999999998
53162,2.8564550266573487
53163,0.5
53164,0.5
53211,0.2879323382650485
53212,0.39009125237128695
53213,1.3419654076113254
53214,0.3717243361429641
53221,0.2659419284491648
53222,0.27999999999999997
53223,1.5955631857858206
53224,0.25301559255879863
53231,0.3690920959999999
53232,0.27999999999999997
53233,1.5666834515788655
53234,0.3267595920008355
53241,1.6543640870678942
53242,0.5
53243,0.5
53244,0.5
53251,0.15412647699249116
53252,-0.40231120700671935
53253,0.09804926048665596
53254,1.622316023317486
53261,0.3035022330876148
53262,0.3272107316614755
53263,2.919972665856795
53264,0.5
53311,0.2266879999999999
53312,0.27999999999999997
53313,1.0932763022229588
53314,0.5
53321,0.6077840604562836
53322,0.5
53323,0.5
53324,0.5
53331,0.4989848672285928
53332,0.07999999999999996
53333,1.5632634872110243
53334,0.5
53341,0.5
53342,0.5
53343,0.5
53344,0.5
53351,1.36396880530233
53352,0.5
53353,0.5
53354,0.5
53361,0.44086735276833366
53362,0.37649166625032326
53363,0.54415354980517
53364,0.4229664212071833
54111,0.45
54112,0.48
54113,1.5950356949990598
54114,0.5
54121,0.95
54122,0.5
54123,0.5
54124,0.5
54131,1.4703813224956952
54132,0.5
54133,0.5
54134,0.5
54141,0.5
54142,0.5
54143,0.5
54144,0.5
54151,0.5
54152,0.5
54153,0.5
54154,0.5
54161,0.48
54162,0.9862476800000001
54163,0.5
54164,0.5
54211,0.26053579531890614
54212,0.36002704037661487
54213,0.3665059363553632
54214,1.8293558397945504
54221,0.21759539200000005
54222,0.27999999999999997
54223,0.21350059775265773
54224,1.0930659603710642
54231,0.36743314456293397
54232,0.35649668774576393
54233,1.4866695362289644
54234,0.5
54241,1.1020573042333142
54242,0.5
54243,0.5
54244,0.5
54251,0.3411051279009147
54252,0.39132740665291577
54253,1.373317748486943
54254,0.3764829718787386
54261,0.5
54262,0.5
54263,0.5
54264,1.341664817746437
54311,0.32096921599999995
54312,0.442368
54313,0.4394000586866359
54314,0.3729571917634814
54321,0.27999999999999997
54322,1.330765579605027
54323,0.5
54324,0.5
54331,0.27999999999999997
54332,0.27999999999999997
54333,1.7820204554430563
54334,0.5
54341,0.8564173359789
54342,0.5
54343,0.5
54344,0.5
54351,0.07999999999999996
54352,0.48
54353,0.8030344397096559
54354,0.5
54361,0.48
54362,0.48
54363,1.0009596862823125
54364,0.5
61111,0.46354770778159793
61112,0.9046300022254685
61113,0.5
61114,0.5
61121,-0.34617060303994995
61122,0.4847999999999999
61123,0.49220135313271474
61124,0.9612976488705419
61131,0.45
61132,0.19942606945843544
61133,1.68168512103861
61134,0.5
61141,1.7326080000000001
61142,0.5
61143,0.5
61144,0.5
61151,0.5088
61152,0.5
61153,0.5
61154,0.5
61161,-0.026585600000000098
61162,4.265933610903139
61163,0.5
61164,0.5
61211,0.2952980014474117
61212,-0.41590993050624003
61213,-0.12820962384392276
61214,-0.048794647717121886
61221,-0.050000000000000044
61222,-0.35465722422886403
61223,0.7515288902739962
61224,-0.25256232270128753
61231,0.3242847068522148
61232,1.161675264977985
61233,0.16229682660978606
61234,0.13483582898175994
61241,-0.23287841178973834
61242,0.48
61243,1.1295905175662606
61244,0.5
61251,0.48
61252,0.4734804279033523
61253,0.24262140547739885
61254,0.48
61261,0.8055153915672724
61262,-0.4463183312107184
61263,-0.3269705017262908
61264,-0.28666234359030585
61311,-0.1200000000000001
61312,0.3048332175324541
61313,0.21785162319733015
61314,0.6991233169603955
61321,0.11792989683870947
61322,0.9450588306588538
61323,0.10880000000000001
61324,0.24954913710996574
61331,-0.038822182731725996
61332,0.8871910756575476
61333,0.5
61334,0.5
61341,0.49279999999999996
61342,0.48
61343,0.48
61344,0.27999999999999997
61351,0.05279999999999985
61352,0.6799999999999999
61353,0.5
61354,0.5
61361,0.45279999999999987
61362,0.6352001346574268
61363,-0.0734579516857109
61364,0.4231119062794719
62111,0.6324439044168907
62112,0.3948466165517116
62113,0.1046420927928231
62114,0.20866271525939428
62121,0.333888
62122,0.35320811879628833
62123,0.5
62124,0.5
62131,1.6724152123460823
62132,0.5
62133,0.5
62134,0.5
62141,0.5
62142,0.5
62143,0.5
62144,0.5
62151,0.07999999999999996
62152,-0.02143232000000017
62153,0.5
62154,0.5
62161,1.0104399217129707
62162,0.5
62163,0.5
62164,0.5
62211,-0.44030155102930807
62212,-0.5136167088184429
62213,-0.4311697812379349
62214,1.4106706851823456
62221,0.18151493224118498
62222,0.05302620962023294
62223,1.4147960911315245
62224,-0.23038330827535214
62231,1.3177151253728934
62232,-0.23155631865786575
62233,-0.37046652633974136
62234,-0.15946375127062323
62241,0.3382408897085571
62242,-0.31999999999999995
62243,0.27504744972139866
62244,1.5622254582996762
62251,0.34264521108226903
62252,0.27999999999999997
62253,1.288930737529653
62254,0.5
62261,-0.4411711400691477
62262,-0.2437450441275406
62263,0.03654767842547779
62264,0.7831305453275588
62311,-0.37953474205016524
62312,-0.5492897768944973
62313,-0.26106199321743195
62314,0.15196447077215403
62321,0.7453325927885801
62322,-0.9151359445134849
62323,-0.542132337077203
62324,-0.3963489006012792
62331,0.8529137328061926
62332,0.5
62333,0.5
62334,0.5
62341,0.8641433826510655
62342,0.5
62343,0.5
62344,0.5
62351,0.27354425110831926
62352,0.27999999999999997
62353,0.4768
62354,0.9936793982492867
62361,0.9458525373781851
62362,0.07999999999999996
62363,0.270070267904
62364,0.43522776025492527
63111,0.286531595767173
63112,0.10880000000000001
63113,0.14506622051080797
63114,0.2675864339753732
63121,0.9088
63122,0.5
63123,0.5
63124,0.5
63131,-0.52
63132,0.3328636080581803
63133,0.6642955413897653
63134,-0.050000000000000044
63141,0.5
63142,0.5
63143,0.5
63144,0.5
63151,0.5
63152,0.5
63153,0.5
63154,0.5
63161,-0.31999999999999995
63162,0.1615091852030892
63163,0.5
63164,0.5
63211,-0.5925788860995398
63212,-0.52524920966928
63213,-0.7363644539208206
63214,0.47043532528826076
63221,-0.43900288122880005
63222,0.09644799999999995
63223,1.68487696814435
63224,0.07363177966620148
63231,0.9383070279780297
63232,-0.27302486906409934
63233,-0.050000000000000044
63234,0.09873391550433375
63241,1.093581237967548
63242,0.48
63243,0.48
63244,0.48
63251,-0.1200000000000001
63252,0.06493436196333002
63253,1.8633219695200507
63254,0.5
63261,-0.1200000000000001
63262,-0.52
63263,1.425440678821281
63264,-0.033106038869793686
63311,0.6828508051931775
63312,0.07999999999999996
63313,0.15480029197766465
63314,-0.4241457081585438
63321,0.3615590697730048
63322,0.39158540140542253
63323,0.7926573833121733
63324,0.5
63331,0.8985031763338961
63332,0.29269873205692454
63333,0.44152952581482086
63334,0.22291038080797565
63341,1.71491328
63342,0.48
63343,0.48
63344,0.48
63351,0.813338424254642
63352,0.27999999999999997
63353,-0.013248000000000038
63354,-0.20532188642864801
63361,0.7964193775113498
63362,-0.31999999999999995
63363,-0.1200000000000001
63364,0.30879999999999996
64111,0.024590616315160574
64112,0.48109429868185405
64113,0.3588311773369638
64114,0.5676967693490331
64121,1.263707369846515
64122,0.5
64123,0.5
64124,0.5
64131,0.5
64132,0.5
64133,0.5
64134,1.5440660365703538
64141,1.5482880000000003
64142,0.5
64143,0.5
64144,0.5
64151,0.5
64152,0.5
64153,0.5
64154,0.5
64161,0.47415503661635144
64162,0.2767696679666928
64163,0.48
64164,0.48
64211,-0.728
64212,-0.6514808898221705
64213,1.0413902585388226
64214,-0.6611785623346302
64221,0.27999999999999997
64222,0.30980139634190185
64223,2.089274759814405
64224,-0.10354898453212624
64231,-0.050000000000000044
64232,-0.050000000000000044
64233,1.8938064487729613
64234,0.29966783025880217
64241,0.19140533281124839
64242,0.3295620814221797
64243,0.5
64244,0.5
64251,0.3926084607999998
64252,0.27999999999999997
64253,0.6269039456315444
64254,-0.050246328055845724
64261,0.016864569057652434
64262,-0.5410481450211451
64263,1.6969346069483298
64264,-0.255436976865094
64311,-0.16222850007040002
64312,0.36224
64313,0.6511556973601208
64314,0.5
64321,0.27999999999999997
64322,0.48
64323,0.8096459167268626
64324,0.5
64331,0.9332919792133089
64332,0.5
64333,0.5
64334,0.5
64341,0.6799999999999999
64342,0.5
64343,0.5
64344,0.5
64351,0.48
64352,0.27999999999999997
64353,0.27999999999999997
64354,0.06664352406438001
64361,0.48
64362,0.48
64363,1.136385884488736
64364,0.5
71111,2.072317812583401
71112,0.5
71113,0.5
71114,0.5
71121,-0.1200000000000001
71122,0.27999999999999997
71123,1.1773996768374524
71124,0.5
71131,1.236993405241056
71132,0.5
71133,0.5
71134,0.5
71141,0.5
71142,0.5
71143,0.5
71144,0.5
71151,-0.1200000000000001
71152,0.25739891910498
71153,0.7116650152343693
71154,0.5
71161,-0.04800000000000004
71162,0.2250081417218328
71163,-0.12854821928960003
71164,1.9023190344175693
71211,0.27999999999999997
71212,0.31063692865832015
71213,0.7147818337392962
71214,0.07999999999999996
71221,0.03405753996719241
71222,0.23500310398453395
71223,0.5422930129298196
71224,0.3434900383595516
71231,-0.52
71232,-0.09660757680436094
71233,0.8219645870622526
71234,0.48
71241,0.48
71242,0.4504881612413859
71243,0.5
71244,0.5
71251,0.47615999999999997
71252,0.2391214981849527
71253,0.9484359186113633
71254,0.27999999999999997
71261,0.3513069324925855
71262,3.313187246364076
71263,0.5
71264,0.5
71311,-0.6253644581845363
71312,-0.5062337280193361
71313,-0.7000535650764723
71314,-0.6421627628762372
71321,0.9716579026281659
71322,0.48
71323,-0.06721411110380093
71324,0.48
71331,-0.14995199999999997
71332,0.1583661588072781
71333,-0.28950734481141976
71334,0.6488199420544108
71341,0.5
71342,0.5
71343,0.5
71344,0.5
71351,0.05279999999999985
71352,0.7728292004980459
71353,0.5
71354,0.5
71361,0.48
71362,0.482294378663444
71363,1.4435860398387415
71364,0.5
72111,0.0929731907104745
72112,0.2737221081774577
72113,-0.0034740506806117954
72114,1.541396261038903
72121,0.48
72122,1.547051029648721
72123,0.5
72124,0.5
72131,-0.1200000000000001
72132,0.424
72133,1.3399483039146083
72134,0.5
72141,0.4448
72142,0.5
72143,0.5
72144,0.5
72151,0.45279999999999987
72152,0.20711996783717768
72153,0.4608
72154,0.6790389834137538
72161,0.7692915689525556
72162,0.2311431653920385
72163,0.026968833602352582
72164,0.15721081695116124
72211,0.1815684784150824
72212,0.20962047999999997
72213,0.8601371417914279
72214,0.27999999999999997
72221,-0.5971375157843435
72222,-0.4091019560433852
72223,-0.5397362380361772
72224,0.10028529495916011
72231,-0.52
72232,-0.1200000000000001
72233,0.5604989218306917
72234,0.33557040093593593
72241,0.46399999999999997
72242,0.27999999999999997
72243,0.48
72244,0.48
72251,0.46827008
72252,0.48
72253,-0.1200000000000001
72254,1.42125159333888
72261,1.368083432893971
72262,0.27999999999999997
72263,-0.16795437055999995
72264,0.27999999999999997
72311,0.6308003602407264
72312,-0.5669158789805141
72313,-0.8610100236561575
72314,-1.0264527276359905
72321,1.1430724334597449
72322,0.5
72323,0.5
72324,0.5
72331,1.271879782125839
72332,0.3779404799999999
72333,0.26851085647007267
72334,0.0703024621458967
72341,0.5
72342,0.5
72343,0.5
72344,0.5
72351,0.40737428504140005
72352,0.27999999999999997
72353,0.48
72354,-0.7472000000000001
72361,0.3232765978754809
72362,0.27999999999999997
72363,0.7518941161125235
72364,0.5
73111,-0.7217402419968655
73112,-0.6389072430810053
73113,-0.31999999999999995
73114,0.7820849638986203
73121,0.9365745120090012
73122,0.5
73123,0.5
73124,0.5
73131,0.15199999999999997
73132,1.3674032180250864
73133,0.5
73134,0.5
73141,0.5
73142,0.5
73143,0.5
73144,0.5
73151,0.18399999999999994
73152,0.30879999999999996
73153,0.07999999999999996
73154,0.31319787450811754
73161,0.4224175267060073
73162,1.3073733265318896
73163,0.17068956066867308
73164,0.3371341811504577
73211,0.843197089829183
73212,-0.13004482519149613
73213,0.02007004396752282
73214,0.029480604953784795
73221,0.27999999999999997
73222,0.27999999999999997
73223,-0.144716383946224
73224,0.810621791925376
73231,1.1779596225680078
73232,0.5
73233,0.5
73234,0.5
73241,0.9105836978861653
73242,0.5
73243,0.5
73244,0.5
73251,1.7369042510825898
73252,0.24282202788262763
73253,0.3061870962268094
73254,-0.17259974506577924
73261,2.540501780338998
73262,0.5
73263,0.5
73264,0.5
73311,-0.6569557815218734
73312,-0.4067643392000001
73313,-0.0747993066315501
73314,-0.5334985791827496
73321,0.09503999999999996
73322,-0.08502319955336479
73323,-0.06496428728647696
73324,0.46290870764587577
73331,-0.38318607241760716
73332,-0.9076502180398639
73333,-0.6988676940556782
73334,-0.9589506883691312
73341,0.5
73342,0.5
73343,0.5
73344,0.5
73351,0.4281006927448303
73352,0.27999999999999997
73353,0.48
73354,0.5
73361,0.26857364196402833
73362,0.21097340895114958
73363,0.6673715470306554
73364,-0.10676455942456364
74111,-1.05
74112,-0.062038433401586546
74113,0.7930483770255479
74114,-0.2620471190862266
74121,1.7035907000562571
74122,0.5
74123,0.5
74124,0.5
74131,0.617616964142476
74132,0.5
74133,0.5
74134,0.5
74141,0.5
74142,0.5
74143,0.5
74144,0.5
74151,0.5435880326672481
74152,0.5
74153,0.5
74154,0.5
74161,3.0122178120575103
74162,0.5
74163,0.5
74164,0.5
74211,-0.5987643392
74212,0.6121633036036848
74213,-0.039163864825658284
74214,-0.05200597669219942
74221,0.01314098180494605
74222,0.27999999999999997
74223,0.7879674594234027
74224,0.5
74231,-0.1200000000000001
74232,0.2527999999999999
74233,1.7482321133313363
74234,0.5
74241,-0.1427404780878868
74242,0.2977533472709032
74243,0.5
74244,0.5
74251,0.27999999999999997
74252,-0.029742752059723654
74253,1.254265690728138
74254,0.5
74261,-0.72
74262,0.07999999999999996
74263,1.5027724793616728
74264,0.5
74311,-0.72
74312,0.4946692986665671
74313,0.7795492228516935
74314,0.5
74321,-0.31999999999999995
74322,0.2019801879089338
74323,0.27999999999999997
74324,0.36060285562747196
74331,0.48
74332,0.480448
74333,1.433204316315172
74334,0.5
74341,0.48
74342,1.018688
74343,0.5
74344,0.5
74351,0.27999999999999997
74352,0.27999999999999997
74353,0.7307806907664643
74354,0.5
74361,-0.3444722745748685
74362,0.8617935097427082
74363,0.5
74364,0.5
81111,-0.050000000000000044
81112,0.4000421170099515
81113,1.2895334791919095
81114,0.0670106079100582
81121,0.2973815192778556
81122,1.9223603912108764
81123,0.5
81124,0.5
81131,1.2190897923711324
81132,0.5
81133,0.5
81134,0.5
81141,1.0645019697650915
81142,0.5
81143,0.5
81144,0.5
81151,0.4692704856036207
81152,1.571336523463557
81153,0.5
81154,0.5
81161,2.7760785117579156
81162,0.395607691479603
81163,0.26323903730354353
81164,0.48
81211,1.6869448346538345
81212,0.3150583469415249
81213,0.24796899591910826
81214,0.2607999999999999
81221,-0.55
81222,0.3700138663674284
81223,1.5038153836429156
81224,0.5
81231,0.27999999999999997
81232,-0.1200000000000001
81233,1.2458973741957944
81234,0.27999999999999997
81241,0.2561726598179671
81242,0.385031153452126
81243,1.0464599421052596
81244,0.5
81251,0.424
81252,1.2947565283148652
81253,0.5
81254,0.5
81261,-0.0725853993291049
81262,0.48
81263,2.834595882244995
81264,0.5
81311,0.34297534600854174
81312,0.9383778571229856
81313,0.41806865057877185
81314,0.2674969089173864
81321,0.14046010112701224
81322,1.006533650106064
81323,0.3048079110461551
81324,0.42035329797888604
81331,0.48
81332,0.48
81333,0.3120785046902219
81334,1.48249650885395
81341,0.3017785675385961
81342,0.5
81343,0.5
81344,0.5
81351,0.39536977242619903
81352,0.31609599999999993
81353,0.4982560110618915
81354,0.5
81361,0.45279999999999987
81362,0.27999999999999997
81363,0.20360481014796572
81364,1.5982858216520255
82111,-0.050000000000000044
82112,0.5
82113,1.2946936659032466
82114,0.5
82121,1.740799589041444
82122,0.2916209986147127
82123,0.5
82124,0.5
82131,1.804238687448541
82132,0.5
82133,0.5
82134,0.5
82141,1.7326080000000001
82142,0.5
82143,0.5
82144,0.5
82151,2.3632158996837687
82152,0.5
82153,0.5
82154,0.5
82161,1.3547076060928243
82162,0.4168
82163,0.12418901520736403
82164,0.4188230699271772
82211,0.45
82212,-0.005128422658096876
82213,0.8164045283493233
82214,0.5
82221,0.12102400000000002
82222,0.1889228242889191
82223,0.13762286814167085
82224,0.9706798264405464
82231,0.48
82232,0.43513599999999997
82233,1.4494876913640387
82234,0.5
82241,0.3766126420643305
82242,0.048265029738268295
82243,0.27999999999999997
82244,1.7546838976554142
82251,1.0803579735070663
82252,0.5
82253,0.5
82254,0.5
82261,0.13644111302562745
82262,0.341210318740263
82263,1.7330177052767193
82264,0.5
82311,1.0977688922446687
82312,0.03325901011190041
82313,-0.2690348545737014
82314,0.0861994556399378
82321,0.4947191786776607
82322,0.9913278828244245
82323,0.5
82324,0.5
82331,0.20887745215037912
82332,0.19633656678511616
82333,-0.02080000000000004
82334,1.0144806467184835
82341,0.5118121716526353
82342,0.5
82343,0.5
82344,0.5
82351,0.3895360663713491
82352,0.27999999999999997
82353,0.12380575615160716
82354,0.45216512
82361,0.2571277497829109
82362,0.2604190600741776
82363,0.4384022030537241
82364,1.33811426671766
83111,-1.1225
83112,1.3347178681108747
83113,0.5
83114,0.5
83121,0.2527999999999999
83122,0.7175668835525945
83123,0.5
83124,0.5
83131,1.2312706530028616
83132,0.5
83133,0.5
83134,0.5
83141,0.5
83142,0.5
83143,0.5
83144,0.5
83151,0.88
83152,0.5
83153,0.5
83154,0.5
83161,0.27999999999999997
83162,0.1148863630856386
83163,-5.415889920000001
83164,1.5477788507049959
83211,-0.20134947719941487
83212,1.5533892062736983
83213,0.20875782027462392
83214,0.07999999999999996
83221,0.10316799999999998
83222,0.2127125482505695
83223,1.0869877264845464
83224,0.2920236726466877
83231,0.49685960007912616
83232,0.38363035949287094
83233,1.8284779856246003
83234,0.5
83241,0.2776619562899182
83242,0.48
83243,0.5
83244,0.5
83251,0.29658531440112607
83252,0.30879999999999996
83253,0.6678742495262596
83254,0.5
83261,-0.07444957816168518
83262,0.32139420496112325
83263,0.07999999999999996
83264,0.9120469552575885
83311,0.14767133549637437
83312,0.1941666586624
83313,1.665904821494056
83314,-0.14980569448448
83321,1.135856402101862
83322,0.48
83323,0.467289837568
83324,0.366100064620125
83331,0.26209462990176613
83332,0.27999999999999997
83333,1.4604759744010778
83334,0.21533090898306187
83341,0.27999999999999997
83342,0.5
83343,0.5
83344,0.5
83351,0.2924572036307484
83352,0.2607999999999999
83353,0.68384
83354,0.4672936015607335
83361,0.27999999999999997
83362,0.27999999999999997
83363,1.3935401325448955
83364,0.27999999999999997
84111,-1.05
84112,0.45
84113,1.0453261073491176
84114,0.5
84121,0.45
84122,-0.11155199999999998
84123,1.054420298561625
84124,0.5
84131,-0.24794777599999995
84132,0.27999999999999997
84133,1.7799847373274753
84134,0.5
84141,0.5
84142,0.5
84143,0.5
84144,0.5
84151,0.5
84152,0.5
84153,0.5
84154,0.5
84161,-0.31999999999999995
84162,0.09891200688168467
84163,0.9282149261042412
84164,0.5
84211,0.16623103999999994
84212,0.010581530676150974
84213,1.3267428938932178
84214,-0.03126655650653787
84221,0.16663689553510397
84222,-0.23712967229393872
84223,0.24086164809720306
84224,0.9619889456537288
84231,0.4479000312298679
84232,2.013813536880173
84233,0.5
84234,0.5
84241,0.07999999999999996
84242,-0.0964573672935809
84243,0.48
84244,0.48
84251,2.1274043627022787
84252,0.5
84253,0.5
84254,0.5
84261,1.8588960313796823
84262,0.5
84263,0.5
84264,0.5
84311,0.48
84312,0.32201176985448554
84313,0.9523763976493654
84314,0.5
84321,1.392816122112712
84322,0.5
84323,0.5
84324,0.5
84331,-0.31999999999999995
84332,0.4657252294655999
84333,1.4038181161360288
84334,0.5
84341,1.295683249653925
84342,0.5
84343,0.5
84344,0.5
84351,0.6665359185752027
84352,0.5
84353,0.5
84354,0.5
84361,-1.05
84362,0.23200000000000004
84363,2.2581770062569584
84364,0.27999999999999997
91111,-0.16083334577773828
91112,-0.158744752741467
91113,-0.4057113532645903
91114,-1.1158826007910723
91121,0.22399999999999987
91122,-0.11641383448604792
91123,-0.20527091606958958
91124,-0.08506815189946915
91131,0.8578452953658318
91132,0.5
91133,0.5
91134,0.5
91141,0.5
91142,0.5
91143,0.5
91144,0.5
91151,0.4168554824330175
91152,0.5
91153,0.5
91154,0.5
91161,0.45
91162,-0.022415207343854493
91163,1.4446984360655328
91164,-0.31999999999999995
91211,-0.19458001733428704
91212,0.06102173043243028
91213,1.2852562702132688
91214,-0.3199038270570239
91221,0.4343856409013193
91222,0.34787029796607544
91223,-0.08094224764127145
91224,0.42467328
91231,0.4260996108156475
91232,0.27999999999999997
91233,-0.52
91234,1.2012768390265283
91241,0.5
91242,0.5
91243,0.5
91244,0.5
91251,0.8401623906189015
91252,0.5
91253,0.5
91254,0.5
91261,0.030207335300783178
91262,0.02404607999999986
91263,-0.49862400000000007
91264,0.5807704315527168
91311,0.05279999999999985
91312,0.35096901525847696
91313,-0.37387204581355943
91314,0.7786210941630066
91321,0.39280458875837043
91322,0.3282662797026048
91323,0.0898045911488321
91324,1.5283795852067115
91331,-0.1200000000000001
91332,0.4318667254313757
91333,-0.19889085168384635
91334,0.6149907991756801
91341,0.27999999999999997
91342,0.48
91343,0.6361160471162258
91344,0.5
91351,0.48
91352,0.48
91353,0.7915645789364941
91354,0.5
91361,-0.28387002669217865
91362,0.8709956873596638
91363,0.19761652137220542
91364,0.27999999999999997
92111,0.48
92112,0.27071789323077877
92113,0.47504378671259706
92114,0.6292495648311011
92121,1.6453470317744952
92122,0.5
92123,0.5
92124,0.5
92131,0.0239999999999998
92132,0.7131697524840019
92133,0.5
92134,0.5
92141,-0.31999999999999995
92142,0.5
92143,0.5
92144,0.5
92151,0.5
92152,0.5
92153,0.5
92154,0.5
92161,0.450787132805721
92162,0.133888
92163,1.1034527383480432
92164,0.5
92211,1.1591799408169474
92212,-0.27070823513821457
92213,-0.52
92214,-0.49433308070390536
92221,1.2695723923355893
92222,0.05279999999999985
92223,0.27999999999999997
92224,0.3504918891888996
92231,0.15277481622390499
92232,0.4801423528684368
92233,0.8645845715062338
92234,0.5
92241,0.5
92242,0.5
92243,0.5
92244,0.5
92251,0.7540705700880057
92252,0.5
92253,0.5
92254,0.5
92261,0.08210951527117127
92262,-0.2018129136119463
92263,-0.1200000000000001
92264,0.8340766016466322
92311,0.15236027821096942
92312,-0.36781346670510096
92313,-0.1200000000000001
92314,0.6673929315341486
92321,0.4128439400159628
92322,0.27999999999999997
92323,-0.52
92324,0.5
92331,0.48
92332,0.45279999999999987
92333,0.424
92334,1.4053736828842671
92341,0.27999999999999997
92342,0.27999999999999997
92343,-0.1200000000000001
92344,0.5
92351,0.45279999999999987
92352,-0.35763200000000006
92353,-0.38771200000000006
92354,0.286016
92361,0.3105034941584106
92362,0.483559432192
92363,-1.05
92364,1.1838059216680707
93111,0.05541242879999997
93112,0.27816862519888286
93113,-0.01579826500468251
93114,0.2213209461762471
93121,0.27999999999999997
93122,0.41709399505563227
93123,0.6207999999999999
93124,0.5
93131,0.48
93132,1.6621805383637396
93133,0.5
93134,0.5
93141,0.11829140651811021
93142,0.445460356885574
93143,0.5
93144,0.5
93151,0.07999999999999996
93152,-0.1200000000000001
93153,-0.31999999999999995
93154,0.8486400000000001
93161,0.27999999999999997
93162,0.5177712848224574
93163,-0.1200000000000001
93164,0.3616703874740753
93211,0.2848331270018317
93212,0.11811563434289968
93213,0.46046018380880327
93214,0.29637201153780357
93221,0.13879777280000005
93222,0.27999999999999997
93223,-0.024000000000000132
93224,0.4538212275875131
93231,0.918333396963328
93232,-0.06936150600271196
93233,-0.11495396556800008
93234,-0.07109865350096078
93241,0.4608
93242,0.305728
93243,0.48
93244,0.48
93251,0.45279999999999987
93252,0.27999999999999997
93253,0.5599602688
93254,0.5
93261,0.48704000000000003
93262,0.3055322658252229
93263,1.4514961972975244
93264,0.5
93311,1.1155488546959447
93312,0.03235327999999987
93313,-0.2780316632574238
93314,0.048099445206752134
93321,0.48
93322,0.27999999999999997
93323,-0.35104996229027297
93324,-7.812654775762873E-4
93331,0.6465982177280001
93332,-0.1200000000000001
93333,-0.18487867484524578
93334,0.10751718242040886
93341,0.5
93342,0.5
93343,0.5
93344,0.5
93351,0.3129035228292702
93352,-0.72
93353,-0.33122965110329905
93354,-9.600000000000719E-4
93361,0.45
93362,-0.3472000000000002
93363,0.2331935949513375
93364,0.26505154718032653
94111,0.2570601976744462
94112,0.4505671043079491
94113,0.18079999999999996
94114,0.5
94121,0.4608
94122,0.48
94123,0.32275868354035375
94124,0.27999999999999997
94131,-0.1200000000000001
94132,0.4182939861987348
94133,0.45358223420624183
94134,0.7501291244764847
94141,0.5
94142,0.5
94143,0.5
94144,0.5
94151,0.5
94152,0.5
94153,0.5
94154,0.5
94161,0.3244635439103741
94162,0.27999999999999997
94163,-0.39603200000000005
94164,-0.31999999999999995
94211,-0.050000000000000044
94212,0.04368677596291237
94213,1.2761701213223122
94214,0.12481255154417131
94221,-0.8715230650325101
94222,-0.050000000000000044
94223,-0.050000000000000044
94224,1.215344761302497
94231,0.07999999999999996
94232,0.48
94233,1.3280956563802961
94234,0.5
94241,0.6368
94242,0.5
94243,0.5
94244,0.5
94251,0.45
94252,0.19048089450951644
94253,0.5
94254,0.5
94261,-0.050000000000000044
94262,-0.0680945238919099
94263,-0.6878451213346817
94264,0.8299299486247897
94311,0.05279999999999985
94312,0.27403909312367025
94313,1.1317742552553471
94314,-0.3623728350262785
94321,-0.1200000000000001
94322,0.30368512000000003
94323,0.3231876492493236
94324,0.32733240754194537
94331,0.4776044386279444
94332,0.27999999999999997
94333,1.2450888258537252
94334,0.5
94341,0.4608
94342,0.27999999999999997
94343,0.4608
94344,0.27999999999999997
94351,0.49984
94352,1.0448
94353,0.5
94354,0.5
94361,0.45
94362,0.27999999999999997
94363,1.2406717800940412
94364,0.5
