11111,0.08078226303957275
11112,0.7539669277793578
11113,0.45825755920442524
11114,0.290854105352463
11121,0.3136121622651413
11122,1.3294541728784968
11123,1.7635069309732916
11124,1.803098009622354
11131,0.8021089091602435
11132,1.6675835140793664
11133,1.669804507384982
11134,0.5288341570345718
11141,0.485
11142,1.7649398515190788
11143,1.0079498572114485
11144,3.191045571774968
11151,0.47780684754232433
11152,0.9260830550089585
11153,0.6870007760570471
11154,1.4303454555734252
11161,0.9853309378105435
11162,0.35388414429083537
11163,0.9091883216986776
11164,1.2027018071891122
11211,0.9080987064385035
11212,0.469612646116231
11213,0.7571992561263615
11214,1.016303118749385
11221,2.2627616536041475
11222,1.4707386270155198
11223,1.5721622400245716
11224,1.8408531353324944
11231,1.078555690555786
11232,1.0509769121516828
11233,1.9011874956660926
11234,1.8352678439769705
11241,-0.11499999999999988
11242,-0.11259568325066116
11243,-0.2743537821925095
11244,2.1706460956945537
11251,1.1076250260825653
11252,-0.395687264844779
11253,1.7107715394505794
11254,1.200370117823101
11261,2.317991305376974
11262,1.1811544833538652
11263,1.3643736334132293
11264,2.029414898100339
11311,0.8590421538875661
11312,0.937838938943593
11313,0.6594578487035124
11314,1.332827852808492
11321,0.2615709150099501
11322,0.8794191379237157
11323,1.18709044762335
11324,1.5871167328801423
11331,0.37938176714027827
11332,1.6563056122964201
11333,-0.0342297235022353
11334,1.6489658682304649
11341,0.185
11342,0.2827265
11343,0.30007960465279837
11344,0.5
11351,0.35857669621031174
11352,1.254496487764408
11353,0.9782140516963902
11354,0.5
11361,0.5730795334735211
11362,1.5166462234917677
11363,1.054922716528279
11364,0.5
12111,0.028193610014971282
12112,-0.035429968166116876
12113,-1.3824738464316952
12114,0.31236909921470574
12121,1.3719914916285436
12122,1.339678655010593
12123,1.8010628761352283
12124,-0.008298022518973047
12131,0.9066869132837465
12132,1.273119683872039
12133,0.6069844594611425
12134,1.1029404336664836
12141,1.261253516409072
12142,3.042661998424327
12143,2.590119563375695
12144,2.113176851685484
12151,1.59875449140969
12152,0.026529507981242206
12153,1.6698626515203303
12154,1.7564873228585003
12161,0.906207154947082
12162,0.6605357243920014
12163,0.5185364115949187
12164,0.705046701539726
12211,0.4195532502651544
12212,1.7349089588355333
12213,-0.023339601223210438
12214,-0.8047117675181994
12221,0.8220004993082233
12222,1.114497612022391
12223,0.988551706031216
12224,0.7701686876085743
12231,0.8368300350659433
12232,1.283670239485514
12233,0.18028659033570182
12234,1.1671453949028896
12241,4.0422511948996
12242,3.470838095604972
12243,2.4181722315351304
12244,2.413224859680294
12251,0.8060425127075211
12252,1.132187107199754
12253,1.2112307211910693
12254,0.9706940611431119
12261,1.3702087648761592
12262,1.7529121128040173
12263,1.3547893238114181
12264,1.1149402444381011
12311,-0.2340969241088542
12312,-0.08725238155677345
12313,-0.8845552926563913
12314,0.17990510813704358
12321,1.0718918252930831
12322,0.11970079585398505
12323,2.039113465098221
12324,1.0710779564530424
12331,1.1597104403786789
12332,0.9970501917111296
12333,1.6355159227096376
12334,1.4140755619706586
12341,0.25144999999999995
12342,0.10254290343515474
12343,0.86195
12344,1.4675781249702786
12351,2.6437825183533143
12352,1.821770803795339
12353,1.7391051676115024
12354,2.131717450303428
12361,1.0020281279704
12362,1.2572596734723047
12363,1.309901500506228
12364,1.1639709292655829
13111,-0.18913885609034517
13112,0.454168224995921
13113,-0.09721330562035327
13114,-0.1566942375250432
13121,2.4356378125429585
13122,2.3746632034613553
13123,2.2721463764711234
13124,1.9521204241177952
13131,1.916112605807129
13132,2.6239057028733415
13133,2.653325600816286
13134,1.6796443401783392
13141,1.4181457297437179
13142,1.0219285918621708
13143,1.4129243959619484
13144,1.3184013334142302
13151,1.6997968052433823
13152,1.83289453688442
13153,1.198944288359597
13154,1.6022189242753482
13161,2.000071457023222
13162,1.7458346700416545
13163,2.0175986871771623
13164,1.6138865616881999
13211,0.12013777519292196
13212,-0.03395903320385715
13213,0.5748568814598869
13214,0.25076649665828543
13221,1.5622352588084496
13222,0.5633672788207031
13223,1.9338441794498484
13224,0.786416627203953
13231,2.257647474387071
13232,2.38845892790993
13233,1.9465371345367757
13234,1.0577373248974817
13241,3.0012683394944335
13242,2.6102444522499173
13243,5.211907801419386
13244,3.0082174510892226
13251,0.05738544331173778
13252,1.319147841565128
13253,1.6577012916626508
13254,2.095625043853703
13261,1.2908974712116226
13262,1.542235758516768
13263,1.7622739300693102
13264,1.147398316206724
13311,0.8141845424665232
13312,0.8639701600845477
13313,0.3484365480175891
13314,0.5612261703764844
13321,1.0153184130509656
13322,1.0848586246058647
13323,0.6723957349362675
13324,1.0414211497162726
13331,1.7490513197889224
13332,1.6212001514681815
13333,1.6635805453517059
13334,0.6297534665731949
13341,0.7972938344341337
13342,0.8597269840017326
13343,1.447253608934767
13344,1.4641440785590445
13351,1.8907487860527223
13352,1.254503751858439
13353,2.448702026226056
13354,0.8632427299900065
13361,2.2850163548666416
13362,1.1678527543805177
13363,2.8701479953559086
13364,1.9273605496221227
14111,0.3386243827549214
14112,-0.9945817726049283
14113,0.05664964564657049
14114,-0.09201486174702964
14121,1.846913942025049
14122,1.7036369969249239
14123,2.018895536886504
14124,1.8776662612829296
14131,2.459909183901618
14132,1.6093478714637626
14133,1.9915547909016045
14134,2.5321884395040613
14141,2.106283543099265
14142,2.3382891268401558
14143,3.0173965803087257
14144,1.951632138565985
14151,1.9536089771235217
14152,1.9722997052227527
14153,2.3890968379927657
14154,1.770426388272389
14161,2.0487947111939326
14162,1.542482353242192
14163,1.739912868727426
14164,2.09050521544563
14211,1.3151542016294533
14212,1.681005394101307
14213,0.6458061970231621
14214,0.37370925347848716
14221,2.7022305034440337
14222,1.405542850769603
14223,2.261056536485115
14224,1.9079033869174542
14231,2.767319328124144
14232,2.8428648638599334
14233,2.5656048823546223
14234,1.5859899684806575
14241,1.3304319835291374
14242,2.107187591902762
14243,2.8671591508263488
14244,3.294704081641607
14251,1.9172909731768328
14252,2.297998990602313
14253,1.5706844496687133
14254,1.865240634914819
14261,0.5338813407662655
14262,1.707483498287964
14263,2.0506385623292878
14264,2.1090282742896003
14311,1.8494853806050957
14312,1.2305407876825682
14313,2.0864114143787154
14314,1.2904444708786678
14321,0.9947894623356138
14322,1.3166216083066904
14323,1.8490446460290058
14324,2.175847602244002
14331,1.9413002768535135
14332,2.0942888893523146
14333,2.3155775074399845
14334,2.083045879772429
14341,0.4852748343214495
14342,0.11265223110155112
14343,1.1714811111771037
14344,0.5
14351,1.47074283172751
14352,1.3340791686120999
14353,1.3513645909146677
14354,1.2969750284373656
14361,1.922853752671869
14362,2.329400027979155
14363,1.9557469085094663
14364,2.062239484973267
21111,0.5869222273518454
21112,0.9546023040707049
21113,0.6960128093808098
21114,0.6843297170902765
21121,0.5158073949555455
21122,2.293371100163714
21123,0.8915348490780168
21124,2.543165487849771
21131,0.39017883416529214
21132,1.7771746466076686
21133,2.1850431953232636
21134,2.1960185183042906
21141,1.307894293589316
21142,1.2471764247014872
21143,0.9757904800021862
21144,0.5735907581857984
21151,1.8480332474642993
21152,0.7574974412304802
21153,1.7953222836490614
21154,2.310664482594046
21161,1.0705913118162185
21162,1.23786896698627
21163,0.8808894967972545
21164,0.6515223290280717
21211,1.1123115551822669
21212,1.0997635524587577
21213,0.8715283423713299
21214,0.9874140731334824
21221,1.3080216991361093
21222,2.146096823584471
21223,0.8413318205747897
21224,1.5128959771223753
21231,1.9363450316427366
21232,1.9756918580262453
21233,2.1130015667849578
21234,2.131955968551422
21241,0.23536434463264888
21242,0.5455493446326488
21243,0.987888770875503
21244,1.9491402381247014
21251,0.25157460147561383
21252,0.8588224793128263
21253,1.2095354272907675
21254,0.6765745653685072
21261,1.4824503037976253
21262,2.6130393304439155
21263,1.4306937589614621
21264,1.8245497814802016
21311,1.8820208828747917
21312,1.0734696121366307
21313,1.6490398385202125
21314,2.2985938075686367
21321,0.05545786449313794
21322,0.8261926890580626
21323,1.3943483570484436
21324,0.8331322937566508
21331,0.2614022581398635
21332,1.0712455292516812
21333,2.053191717926798
21334,0.828619735568167
21341,0.5
21342,0.5
21343,0.9760493446326488
21344,0.5
21351,0.6959034770539889
21352,0.9286589117978405
21353,2.3388052852632124
21354,1.0005447878165707
21361,1.261619457764799
21362,0.5
21363,1.1207643593228078
21364,1.4363203039562262
22111,0.8010188492306418
22112,0.6807034833940406
22113,0.7535486930501271
22114,0.4741207546460744
22121,2.334446049719163
22122,1.227469573110541
22123,2.8213311832668193
22124,1.5714008462606732
22131,2.4313812416429417
22132,1.27943380994154
22133,2.2776191146429143
22134,2.4019867160635404
22141,2.2922242985538057
22142,1.3008270409495364
22143,1.8549163929725683
22144,2.4143148257960507
22151,0.9813496420240875
22152,1.759056589609207
22153,1.923887024513103
22154,0.8590472559285254
22161,1.6423707258027471
22162,1.5088598500946566
22163,1.8273122483056334
22164,1.3904310614039115
22211,0.32177959269316386
22212,-0.16529472778303456
22213,0.2841473901607352
22214,0.2365529661317391
22221,1.7194548765341686
22222,1.627766931476169
22223,1.0009924592649855
22224,1.7033463724535332
22231,2.168591988877123
22232,1.8783405901712755
22233,2.471668103348191
22234,2.5762401258371654
22241,2.242746059737451
22242,2.138622587532129
22243,2.188742776238766
22244,2.23482983553025
22251,1.993711855915647
22252,2.0694107865248847
22253,2.137445038025784
22254,1.9526577861725027
22261,2.0828059285934772
22262,1.336251831588989
22263,1.3923981903292337
22264,1.5284293506298532
22311,1.5995243430052313
22312,1.4771275112782039
22313,0.8617205634610715
22314,0.24415239675736167
22321,2.552605182756611
22322,1.4715203968759178
22323,2.3253565411440875
22324,1.677941514887061
22331,2.1540073405345934
22332,1.3979107527521304
22333,1.5817039157067905
22334,2.551282744007923
22341,1.0619805397350384
22342,1.061878208102179
22343,1.6749954239711813
22344,1.9901000304510263
22351,1.5822631613765985
22352,1.4821398400982755
22353,1.4040996052621044
22354,1.5167660060174297
22361,1.4958880513530426
22362,1.5164335949891206
22363,1.1142660610719948
22364,2.0535808612741207
23111,0.7759351029053144
23112,0.7236695705730372
23113,0.7803711820398832
23114,0.3594177266883483
23121,1.8986903243920448
23122,1.8648327030892453
23123,1.762972252501283
23124,1.5906801818566958
23131,1.74114658346309
23132,2.495889169978571
23133,2.6177875648314726
23134,2.219009348002426
23141,3.335215043979431
23142,2.4206475464841324
23143,3.6331957494352505
23144,3.3896603486412342
23151,2.1442995735256605
23152,1.6328309229997702
23153,2.275211174203466
23154,2.294969092211703
23161,1.9410928256658944
23162,1.0897398769321915
23163,2.0518005939417794
23164,1.852146067040755
23211,0.7024613915809897
23212,0.6814759110708892
23213,1.539014648406885
23214,0.6696284410904464
23221,2.10581281564465
23222,1.6480394840165336
23223,1.847479314810681
23224,0.6428798069842577
23231,1.830751757577582
23232,2.554640519211027
23233,1.6322388949690405
23234,0.7291342433378174
23241,2.0688156702762504
23242,2.0203957658185123
23243,2.1486736490139893
23244,2.297882952475585
23251,2.80108885680666
23252,2.580881254678351
23253,2.7159720902566993
23254,2.4087885328862186
23261,1.8455003161275203
23262,2.023989691668639
23263,1.4531785876728
23264,1.6045607363799337
23311,0.6521030729525907
23312,0.5820734755463881
23313,0.486420281054169
23314,0.6692407589801213
23321,3.467182828143877
23322,2.4766224388604363
23323,2.8297021143396814
23324,2.4503204048652654
23331,3.1297840986555614
23332,1.469350515212346
23333,2.6768217624679584
23334,2.498784416898451
23341,1.3730446799350224
23342,1.7047608021280931
23343,0.185
23344,0.3242503922991017
23351,1.9730362219257336
23352,1.0929069427489388
23353,2.1290269974974843
23354,2.4822353931093364
23361,1.3869127614232402
23362,2.2946741807747313
23363,2.4259286353697647
23364,2.0273187131043424
24111,0.640981332475126
24112,0.8376329575620797
24113,0.8387457063420571
24114,0.843913930429385
24121,2.9406130530188648
24122,2.3614065963970594
24123,2.4266728819322916
24124,2.806291471326983
24131,2.153900856334846
24132,1.7986072815661944
24133,1.9369189134009652
24134,1.7623490972632774
24141,3.0528252138261758
24142,2.853256691748719
24143,2.796477071816049
24144,3.169081216395717
24151,2.600453855892071
24152,2.9949649847265314
24153,2.5033641654481897
24154,2.6608520978123886
24161,0.8032285722599357
24162,1.6801959959047719
24163,1.8893080121839314
24164,1.6451238673624478
24211,1.2138766714766194
24212,1.2797374888760515
24213,1.1757557179634328
24214,0.8350807248675577
24221,2.4570675471999865
24222,2.6496119246483767
24223,2.635859875087397
24224,2.8305326920790455
24231,2.379853901885937
24232,1.9407541873837695
24233,2.309696835342141
24234,1.7600099589933256
24241,3.2901699568220497
24242,3.0050151241851024
24243,3.2808492323806537
24244,3.1184068303306596
24251,2.4132755502098915
24252,2.2129070076581483
24253,2.299028142646255
24254,2.450762400864867
24261,2.50234194017471
24262,2.389766334147184
24263,2.733485604289631
24264,2.7232315258725626
24311,1.6662175258582312
24312,0.9015625378929257
24313,1.6651203710228897
24314,1.7495535465425653
24321,2.4570268600994263
24322,2.609192707460044
24323,2.219270754128969
24324,3.581545078732761
24331,2.007302308779758
24332,2.1285999996171294
24333,1.63905917177577
24334,1.534821711570606
24341,1.2578585422358572
24342,0.21782032303955842
24343,2.09550804437529
24344,0.5
24351,1.9204719161912198
24352,1.337147984585837
24353,2.352643490324621
24354,3.371521236898519
24361,2.1322213375155936
24362,2.3078364588494393
24363,2.439472787363157
24364,2.36464049616767
31111,0.3914122005329739
31112,0.5507314525612077
31113,0.328419177380765
31114,-0.3531595767972846
31121,1.6661127572350447
31122,1.4464942573116994
31123,1.1440906089987875
31124,1.068749623948654
31131,1.6354247671176914
31132,1.2974736849079604
31133,1.4813911640214958
31134,1.6544255019867848
31141,0.8002809372024378
31142,1.9605363223611363
31143,1.6943668969474688
31144,0.7291996795961923
31151,0.48157594242618873
31152,1.3058721710219583
31153,1.3334548390231837
31154,0.5
31161,1.0238423508732806
31162,0.9657163575358567
31163,1.3257206019250893
31164,1.549402850471985
31211,-0.22209609597161364
31212,-0.0414306250059259
31213,-0.11786937113820373
31214,1.639985595212211
31221,0.6224093094584551
31222,0.4884678403653905
31223,1.1717510293068292
31224,1.8827026017330588
31231,1.3159432250673
31232,2.397444919834906
31233,1.4409544270388526
31234,1.8405204064730092
31241,-0.43764923500582903
31242,0.6502983828804613
31243,0.5
31244,1.5607442423440794
31251,0.77145922519137
31252,1.818712144756613
31253,0.9335477119774039
31254,0.5
31261,2.009207363569364
31262,2.254707717520577
31263,1.9487338091959971
31264,1.6553416965265606
31311,0.6463420287187378
31312,1.643320682127147
31313,0.17053105442636474
31314,1.1248585881639062
31321,0.276917253721735
31322,0.5367807904495222
31323,0.5
31324,2.162794456684664
31331,0.506665907320065
31332,1.7504479429333901
31333,0.44326962167195016
31334,2.17468854562987
31341,0.5
31342,0.485
31343,1.2385843641432062
31344,2.4013887489979577
31351,1.127777915115933
31352,0.8604252150911734
31353,1.2312436793641064
31354,1.7042846235054578
31361,0.6406174347986409
31362,0.8540423355983809
31363,1.4404594410358074
31364,1.158622334866417
32111,-0.1601414200527991
32112,0.01657537476818012
32113,0.17109622892747978
32114,0.4322896815645164
32121,1.4290850160023751
32122,1.8151507672960405
32123,1.5917750740618732
32124,1.7208757214193002
32131,0.9815699562166275
32132,0.33442510725279806
32133,1.5104855148690963
32134,1.307371837341687
32141,2.642236857767863
32142,1.2094548267030394
32143,2.6123237563321897
32144,1.8067272734564905
32151,0.7659810954340721
32152,1.1617180220045364
32153,0.854984257305865
32154,0.8609799137874605
32161,0.7918581472063569
32162,0.8376270863037588
32163,0.43645955262946906
32164,1.0825104542309683
32211,-0.7331778940068876
32212,-0.5438492456526032
32213,-0.26431625201900216
32214,0.41931209526305135
32221,1.0381748785579086
32222,0.7212278860259416
32223,0.9268423354054853
32224,1.363823247383728
32231,1.3851541024120901
32232,-0.1943950842614378
32233,0.12237968254820278
32234,1.4527032976259149
32241,2.829202954528614
32242,2.121407826471998
32243,0.6577633832654843
32244,1.0977462204170678
32251,1.6115671526947823
32252,1.3605460365981201
32253,0.8221012612020798
32254,1.3580073295337038
32261,1.9172807414793027
32262,1.4198271143614163
32263,1.9915668185927018
32264,0.2869977570644048
32311,0.3120659183518545
32312,0.2913194472202809
32313,0.8115859869612994
32314,1.2206564464018113
32321,2.109247548064044
32322,1.9469695603989592
32323,2.565006546316829
32324,2.0844903770577052
32331,2.483074690911638
32332,2.30528290980976
32333,1.4046659077570953
32334,0.6138455224374328
32341,1.9729528110436194
32342,1.882980989984172
32343,2.8457232975960776
32344,1.5589252371461912
32351,2.294453273536373
32352,2.365345133411081
32353,2.640463236562645
32354,1.8154621431130546
32361,1.3674650065189615
32362,-0.4337161793048836
32363,0.7328039664174301
32364,1.0503987656540539
33111,-1.393909665737434
33112,0.7376843029043908
33113,0.2394488784219124
33114,0.1582763834989241
33121,0.8751881013880323
33122,2.24014476369154
33123,1.7669835761971013
33124,1.0405181767267904
33131,2.5782411020696645
33132,2.591713503033525
33133,1.1455944818818342
33134,2.6275529871620087
33141,1.2344221093155894
33142,1.88026167598617
33143,2.1726754513232507
33144,2.3304989505070752
33151,1.9962234328878299
33152,1.5601486109741591
33153,0.6743743384856105
33154,1.87227758578629
33161,0.8692848360028657
33162,0.534674249699616
33163,0.45279058611208545
33164,-1.404256844560662
33211,0.2592210098290507
33212,0.7633704169434511
33213,1.6878670080591394
33214,0.8066775256555571
33221,0.7320513328890363
33222,0.9400141067444423
33223,0.4477198618007412
33224,0.9962628274711633
33231,2.2042443796432236
33232,0.9871977859847609
33233,2.123405133761286
33234,1.5287864928885584
33241,2.1030191116040364
33242,2.0080626277909355
33243,1.5152007511343113
33244,1.5882641764325183
33251,1.7323851810168267
33252,1.0587987582814573
33253,1.3366202103928644
33254,0.8896888757380512
33261,1.6000284728684269
33262,1.6407287936847186
33263,1.6118688989882033
33264,0.1373151907012807
33311,0.06327305031890629
33312,0.14949834196333314
33313,0.8947247698002362
33314,0.10699929205105527
33321,1.5538871854154594
33322,2.42839158928143
33323,1.5417344140046463
33324,1.9892084727189614
33331,1.6714849326007066
33332,1.9537238720456052
33333,2.266934647275726
33334,0.3836319887413595
33341,3.0231723763780285
33342,2.5064592236112313
33343,2.580903341166834
33344,2.89007308941751
33351,1.5110818193740352
33352,1.6458213279882072
33353,2.3979458660785182
33354,1.0753217753583493
33361,1.221139994141489
33362,0.41315631367126
33363,1.4533244713858748
33364,1.3209640310733526
34111,-0.4233810395396459
34112,0.9265880403944692
34113,0.7565395751303495
34114,0.5674027390259906
34121,2.1944095818586846
34122,1.8454581977674809
34123,1.5882335030828894
34124,2.122505914685259
34131,2.1978000852541055
34132,2.9082005089234912
34133,1.9546815792810464
34134,1.866160128070116
34141,2.503411966647681
34142,1.0332300504933445
34143,2.24103344216648
34144,2.811385467551246
34151,1.737855040433351
34152,1.752204526963557
34153,2.960700515806234
34154,2.722575663795643
34161,1.1127638168126632
34162,1.2973005038561833
34163,0.06962863778179362
34164,1.3248040256762232
34211,0.9453561667258756
34212,1.281535804729904
34213,0.9310074252904899
34214,0.6437796518490797
34221,1.726002945796219
34222,1.8416504444283113
34223,2.3255380194863644
34224,1.4977501109082416
34231,2.0704088733589407
34232,1.8278227477668476
34233,1.946104479040095
34234,1.5309151266209549
34241,1.960014740832134
34242,2.639013770337068
34243,1.7031379123972448
34244,2.769831950266015
34251,2.7640101789578018
34252,3.167653230720765
34253,2.839293871201982
34254,3.0291043188541162
34261,2.836185403187446
34262,3.2636916484849867
34263,2.3134184641542603
34264,1.2953104024579165
34311,0.08868200973144763
34312,0.9805812889440711
34313,1.2809188049712537
34314,0.18890740226249944
34321,2.416037715795937
34322,3.5811601418667243
34323,3.542969229336996
34324,4.0300071744207635
34331,2.3064569011608587
34332,1.9782982504002233
34333,2.5453282375697417
34334,2.8983811367656283
34341,4.3451756946842455
34342,2.2802964420334706
34343,2.1238677512971416
34344,2.8291471978725866
34351,2.4719986811535044
34352,2.063602814857111
34353,2.772208840493188
34354,2.52389181545221
34361,2.4669730487781045
34362,1.5290643653026414
34363,2.333102528852496
34364,2.52421676818973
41111,0.42417783289962974
41112,-0.166768358964555
41113,-0.011638937336012067
41114,0.4991385942633572
41121,1.4651003826568554
41122,0.9898583527953609
41123,0.6253981228855707
41124,1.8128487494759833
41131,1.1702076207646492
41132,1.004672405296244
41133,0.14981944319693657
41134,1.7954783700928614
41141,1.0938880814455392
41142,0.5460122892288949
41143,0.810444448349329
41144,1.1933322503561765
41151,1.6191750642226899
41152,1.6020316698428776
41153,0.8685928424625182
41154,0.8015110222572264
41161,0.7452134920359516
41162,1.8507960772491454
41163,0.08789693014677535
41164,1.7363655166520944
41211,-0.22006496217493154
41212,-0.22995410754659884
41213,0.9446271715756313
41214,0.3159380787959523
41221,1.4263071521602355
41222,1.6240245238370337
41223,1.7221131497790825
41224,1.792021580507122
41231,0.9384049059485282
41232,1.124144413788656
41233,0.908121836173854
41234,1.0187832852211587
41241,1.1185800557037933
41242,0.7082568076088396
41243,1.495975268405346
41244,1.385630910343184
41251,0.9331369485231543
41252,2.077460542410601
41253,-0.08610475588358635
41254,1.063987571238455
41261,1.4358604636491041
41262,1.3815670900119876
41263,1.223903520066741
41264,1.4771778591188074
41311,1.0786393236187934
41312,0.4430422168275573
41313,1.3614021246116226
41314,0.7184146725741702
41321,0.7038953893013528
41322,0.5
41323,0.5
41324,0.5
41331,1.549028790918464
41332,0.485
41333,0.44343180580732505
41334,0.8425652619264618
41341,0.185
41342,0.9540704593982561
41343,0.5
41344,0.5
41351,0.185
41352,0.6436369485231543
41353,0.3789726201034794
41354,0.5
41361,-0.15628226548885238
41362,1.4600412496788537
41363,1.8519616142944224
41364,0.5
42111,-0.546128601584862
42112,-0.7218728222474949
42113,-0.9330936040816757
42114,-0.6114720297629225
42121,1.9401758089518664
42122,1.40571321210774
42123,2.0560133356542303
42124,0.9258869088523138
42131,1.7627367355308463
42132,1.602016162763564
42133,1.0109821902137734
42134,-0.38567506501949056
42141,2.287038994625172
42142,1.4763445376601672
42143,1.4725039577951717
42144,0.9669681366344001
42151,1.359123052330561
42152,1.2895573699882568
42153,1.8010464808317341
42154,1.7280187482156417
42161,1.1557041553303937
42162,1.0734206364484806
42163,2.013374953833687
42164,1.8491363199439161
42211,0.6897061095456976
42212,0.062439863200327295
42213,-0.1704054434034985
42214,0.2076554828526526
42221,1.2334134187815353
42222,1.6199070428654363
42223,1.350037994805537
42224,0.9801381634973036
42231,0.8101478130294655
42232,1.1261197616086023
42233,0.7178791372774713
42234,0.9178430531169879
42241,4.1403931643060305
42242,1.973757252668957
42243,1.8925827073039487
42244,2.5532496243298923
42251,1.7401216269462654
42252,1.4621263778210123
42253,0.7504891776500697
42254,2.154838831237343
42261,0.6792664562074002
42262,1.1347891678650852
42263,1.27303881381824
42264,0.6913219581760183
42311,1.4014748891787376
42312,1.197087632328898
42313,0.26334055489646224
42314,0.3933433746682491
42321,1.2317756576030277
42322,0.9936808327943127
42323,1.2428367852613833
42324,0.5
42331,1.7095047370028817
42332,0.25316405
42333,2.1946368777593452
42334,0.8524713968125153
42341,0.8703573111516653
42342,0.189993755
42343,0.9021082492022541
42344,0.5
42351,1.3514893659960903
42352,-0.274822214100794
42353,0.5
42354,0.5
42361,1.1720490100475063
42362,1.9867220250228854
42363,2.584152969936468
42364,1.1981411399966737
43111,-0.13324838726455443
43112,0.16798422572178465
43113,-0.1671085733464346
43114,-0.3161425232851014
43121,1.465873530520146
43122,2.2833025354552454
43123,0.8630996799621692
43124,1.845329703358435
43131,0.8392194589659112
43132,0.684146378644861
43133,0.9559924647222158
43134,1.0739040787870255
43141,2.3050712727848617
43142,2.0484090479557064
43143,1.4849471355856898
43144,1.699070091874989
43151,2.9865204938896954
43152,2.6035969179400107
43153,3.23994158167078
43154,2.6779899103222125
43161,0.940862437572245
43162,0.930546722308303
43163,0.9488382954523525
43164,0.920414441015168
43211,0.962894986496948
43212,0.14780279251529158
43213,-0.9396699948149936
43214,-0.7808310459133257
43221,1.3028818155488486
43222,0.8147086792041927
43223,1.2221418551711904
43224,1.1578281281974538
43231,1.5602113469111045
43232,1.877459565182595
43233,0.7106022839660876
43234,1.6164797571375897
43241,2.7500861518194353
43242,2.411743872031937
43243,2.570678283373759
43244,3.043126922862867
43251,2.2501108089829356
43252,2.798958926320503
43253,2.9507694547006853
43254,2.717496154905218
43261,1.0343179408724517
43262,0.7949254994896067
43263,1.666834822767055
43264,1.151804436323031
43311,1.0603513812464556
43312,1.237232783929906
43313,0.9134290397876188
43314,0.6710470662659728
43321,1.8103197856845725
43322,1.8041017849309546
43323,2.0090608855411305
43324,3.0043988378150086
43331,1.8885539063613401
43332,0.9468341433552501
43333,2.1051201929632906
43334,2.503304170249259
43341,2.0837085419086825
43342,0.6532052975764879
43343,1.343066195698638
43344,0.5
43351,0.6176448532449026
43352,1.0610645165208878
43353,1.4620823883560838
43354,2.474689655539473
43361,2.6498492474812667
43362,1.1996341040387875
43363,2.507824044749127
43364,2.154173541826396
44111,-0.2272192289926341
44112,-0.1354504220973081
44113,0.5730243404479778
44114,0.4431150170881867
44121,2.000325979520372
44122,0.5361303934949238
44123,1.9687246561402876
44124,2.0188564782084155
44131,2.3291578172055623
44132,2.1273747908646885
44133,2.3415674524234595
44134,2.4286460555035507
44141,1.846075445447056
44142,1.8252580652782167
44143,2.0709128951874813
44144,1.9565524629044813
44151,0.9128401315388577
44152,2.839490891438314
44153,3.4321721588583594
44154,2.106411463258716
44161,1.82939400105444
44162,1.8835483694443051
44163,1.9627530936580815
44164,1.9617557680416073
44211,1.0678993573182034
44212,1.0023501616774222
44213,1.2098911105352022
44214,1.2968710909900283
44221,1.198315133048578
44222,1.8022430052181382
44223,2.0267483038281595
44224,1.5591821314728955
44231,2.1638169569065697
44232,2.866925576549552
44233,2.224496012160661
44234,1.4855353747215352
44241,2.013981916696708
44242,1.7258409088354068
44243,1.765371391848966
44244,1.9104867120304347
44251,1.7317967713965943
44252,2.3597270198684672
44253,2.653330607698995
44254,2.142660271676154
44261,1.225971101398073
44262,1.8957208993788983
44263,1.5204482643602786
44264,1.695088077697811
44311,1.9768457538464808
44312,1.7754305157970445
44313,1.9823739214387257
44314,1.5395775626616235
44321,2.0109508063392845
44322,2.0648433939097477
44323,1.685992128814835
44324,2.555768996863178
44331,1.4346037670276492
44332,2.4983349313146004
44333,3.113149749899181
44334,0.40771830499999984
44341,1.501297664478162
44342,-0.19108713608713768
44343,0.9747867796737513
44344,1.0011968716717574
44351,0.7829452460079023
44352,0.026994405107268582
44353,2.05054583482565
44354,0.185
44361,2.1851079573978556
44362,2.0912435064996187
44363,0.777773389107473
44364,1.1975364926434404
51111,1.0609792435838925
51112,1.1435411991190612
51113,0.9221249174939172
51114,0.8142629475023958
51121,1.9130353670941143
51122,1.7885977236241917
51123,1.9529848439555788
51124,2.4525063640565903
51131,2.2491992011501125
51132,2.4229120156336297
51133,1.5996443490151206
51134,2.2954179523296485
51141,0.9923837042561505
51142,1.5547974326419154
51143,1.006943027681851
51144,2.2675507875124543
51151,1.287644043151912
51152,1.8656139856081733
51153,2.1006390451477133
51154,1.1567360119102594
51161,1.7916999334983
51162,1.6904455521610835
51163,1.7942415196846606
51164,1.5992729605017266
51211,0.5889089005295256
51212,0.6738227476698764
51213,0.5855132860471319
51214,0.5136950166482375
51221,1.2188105504813667
51222,1.5713681858922097
51223,1.984661176497067
51224,1.1321876622884546
51231,2.198804706301953
51232,1.5509920846461602
51233,2.022936807903437
51234,1.8762759930965054
51241,0.5
51242,0.5
51243,0.4237032339397726
51244,1.6378304667901564
51251,1.717112913039386
51252,1.9940806925192631
51253,0.185
51254,1.031336222164599
51261,1.769036617958152
51262,2.001166040192976
51263,1.8558241837732066
51264,1.6468504115804348
51311,1.0343976306979323
51312,0.5
51313,0.5
51314,0.5
51321,0.5
51322,0.5
51323,0.5
51324,0.5
51331,0.9362182320306178
51332,0.5
51333,0.5
51334,0.5
51341,0.5
51342,0.5
51343,0.5
51344,0.5
51351,0.5
51352,0.5
51353,0.5
51354,0.5
51361,0.5
51362,0.5
51363,0.5
51364,1.5575518812049964
52111,0.568601831806292
52112,0.8535540002575526
52113,0.8096282867266376
52114,0.7431914677595206
52121,2.505965647177068
52122,2.1718188543862578
52123,2.0429514546724654
52124,1.9945451191463301
52131,1.5808374177107236
52132,2.324218190618501
52133,2.205511219891967
52134,2.234890923058327
52141,1.3599815691905666
52142,1.4756844043118025
52143,1.7203490009194606
52144,1.4573113645770168
52151,2.473355357169427
52152,1.7705559072541242
52153,1.8892680308033407
52154,2.204599894891217
52161,1.960792526238115
52162,1.441987810180184
52163,1.9678459640673698
52164,2.054450110412626
52211,1.3487660151774354
52212,0.7066449757402843
52213,0.08159843014586403
52214,0.551280663490889
52221,1.9446809710338053
52222,1.91711844143456
52223,2.076529122379605
52224,2.0326756814454137
52231,2.1472824061637072
52232,1.8628036952398859
52233,1.745811501431994
52234,1.6851316351353873
52241,1.9617129324783054
52242,2.386397848020469
52243,2.584496204168036
52244,1.7490152538596977
52251,1.9968507066551169
52252,2.345346136689618
52253,2.2106274213064965
52254,2.0764465591786654
52261,1.9415053882186655
52262,1.5035930128599158
52263,1.7304748823265839
52264,2.1249471605402537
52311,0.485
52312,2.2486184885442326
52313,0.5
52314,0.5
52321,1.2695752597932723
52322,0.5
52323,0.5
52324,0.5
52331,2.4095103709690306
52332,0.8954070695733052
52333,1.1306133148826052
52334,1.3534659102771887
52341,2.206833793645842
52342,0.5
52343,0.5
52344,0.5
52351,0.5
52352,0.5
52353,0.5
52354,0.5
52361,1.5472243055836192
52362,1.1523252817534924
52363,0.5
52364,0.5
53111,1.5547461552845618
53112,1.2775437203591893
53113,1.2573124424807123
53114,1.5118701318225871
53121,2.147203356994457
53122,2.0356699004750283
53123,1.9313424333649847
53124,2.2114099597387544
53131,2.2995374830074815
53132,1.9410167466832995
53133,2.1331674790288746
53134,2.153309179372749
53141,2.317552777178806
53142,3.0978006543478855
53143,3.468107391915254
53144,2.4433663341506793
53151,1.8853956031618628
53152,2.4028664025734945
53153,2.5903131535966097
53154,2.943079572494954
53161,1.7175373574828074
53162,1.8201751208275407
53163,1.841460958854365
53164,1.7849291857443152
53211,1.382940345723886
53212,0.9755383230325803
53213,1.0522115457453343
53214,0.8010526201717076
53221,1.7129429947874857
53222,2.278240583666115
53223,1.9880754798557874
53224,2.2679934977447487
53231,2.169660821720611
53232,2.269183899041839
53233,2.359796543715687
53234,2.1811656977122666
53241,2.0369768382453817
53242,2.3240769855496177
53243,2.8658287049864533
53244,2.152928725124545
53251,2.9462120275513706
53252,3.0945354208270697
53253,3.158594281826299
53254,2.4368586336055307
53261,1.4651911197793162
53262,1.3409127862638444
53263,1.8892407956965633
53264,1.9118914256919948
53311,0.6064122830500356
53312,1.7459713989095162
53313,0.7461329322977649
53314,2.672173936338228
53321,2.020026183604834
53322,0.485
53323,1.9888953700771443
53324,0.5
53331,1.761250198475535
53332,2.66080256249407
53333,0.5
53334,3.1609973982891706
53341,3.052046181800203
53342,0.5
53343,1.2295933683190472
53344,0.5
53351,0.757084832497452
53352,0.5
53353,0.5
53354,0.5
53361,0.6880198700117502
53362,0.5
53363,2.8185550561696733
53364,1.1815156534961155
54111,1.4364751094413744
54112,1.218472080068119
54113,0.9040945668379023
54114,0.9599527833715548
54121,2.1028934541184903
54122,2.5329292553786065
54123,1.9084003189284582
54124,2.304816117482197
54131,2.342893239279688
54132,2.3796935415427796
54133,2.0017036774112205
54134,2.4272464339107658
54141,3.2164105356669874
54142,2.415818562042927
54143,2.4146156364910984
54144,2.14894354497803
54151,3.4003207106705373
54152,1.551877377038227
54153,3.2663851278601506
54154,3.143128142241713
54161,1.7786377858918738
54162,1.7913160284201588
54163,1.0233599296937583
54164,1.5293394972412697
54211,1.3641905921522968
54212,0.7261394203776441
54213,1.317592889906866
54214,1.0291451937046663
54221,2.516908433475765
54222,2.395379310420012
54223,2.2367046411900984
54224,2.1077091224225137
54231,2.3802236057951585
54232,2.8723705719959645
54233,2.6407271748459893
54234,2.7110092296504638
54241,3.511985022377587
54242,0.9982359560419485
54243,2.933243675362462
54244,1.8621250547881254
54251,2.3545796385543105
54252,3.038054250516818
54253,2.31356368657074
54254,2.9062611524598485
54261,1.992883112889705
54262,1.9038204652009525
54263,2.038410370482264
54264,2.1310827997012027
54311,1.9328822688490608
54312,1.1339348074615678
54313,0.5
54314,1.079237717769633
54321,1.2173292809000977
54322,0.5
54323,0.5
54324,0.5
54331,0.485
54332,2.0714545315086035
54333,0.4247521214114318
54334,0.185
54341,0.5
54342,1.6653197967543925
54343,0.5
54344,0.5
54351,0.5
54352,0.5
54353,0.5
54354,0.5
54361,2.2421448648346143
54362,0.5
54363,0.5
54364,0.5
61111,1.2310289951078779
61112,0.9177827295919049
61113,0.6733346628322284
61114,0.042825906838565464
61121,1.4523785901409076
61122,1.5778826941106883
61123,1.6171745203820178
61124,1.752243132588824
61131,1.6629094622268994
61132,1.5259221726348957
61133,1.7924887630939086
61134,1.623883646992169
61141,0.6431522271179798
61142,1.312500024887774
61143,0.9195946745991503
61144,1.832672373588218
61151,2.0333958718597778
61152,0.6536272637486878
61153,1.4193627354140952
61154,1.09972462942207
61161,1.402815628421609
61162,1.3005894766419697
61163,1.7657137214875553
61164,1.184453358404152
61211,0.691238528414995
61212,1.0947217954629127
61213,0.9125501086696828
61214,0.7237581741968476
61221,1.574006704047653
61222,1.523239220509471
61223,1.6140147345700375
61224,1.7074197518508174
61231,0.41213918298507846
61232,1.506789532112163
61233,1.2299992894945229
61234,1.7350895286579384
61241,0.40626492100672507
61242,0.5083642552522221
61243,1.3241331201434172
61244,0.5
61251,1.3527979772695582
61252,0.2033017276792164
61253,1.2659410760070504
61254,1.4800880296896175
61261,1.2705530240948937
61262,1.4707921432213764
61263,1.5464808474007776
61264,1.0090664683809183
61311,1.0000135194733413
61312,0.9137029193032715
61313,1.2932410803355283
61314,1.806873351858956
61321,-0.3172734999999999
61322,0.6986159189372657
61323,0.5
61324,0.6456081781334562
61331,0.7704471098167689
61332,0.14817814222120118
61333,1.4369886722187273
61334,0.5
61341,0.5
61342,0.5
61343,0.5
61344,0.5
61351,0.485
61352,1.0407169193914507
61353,1.5428541973461427
61354,0.5
61361,-0.11499999999999988
61362,0.3762714312886815
61363,2.347570925733017
61364,0.5
62111,0.5309757816481487
62112,0.43413722874821
62113,0.76062517971444
62114,0.27346515966892526
62121,1.8360560483923873
62122,1.7805145478343338
62123,1.7891094162160923
62124,1.786225550573334
62131,1.643485855175523
62132,2.402669582743747
62133,2.659660132998347
62134,2.91368027531614
62141,1.9408916928915283
62142,1.9435343134019867
62143,1.8185238645074784
62144,1.654155185
62151,1.4945327633882095
62152,1.318342285619827
62153,-0.05491233125898087
62154,1.013913159486318
62161,1.434388350136024
62162,1.6213409175027291
62163,1.5258223763641103
62164,1.1640024023271591
62211,0.2528264391467521
62212,-0.036378588735987684
62213,0.5569070861608569
62214,0.16450642297166745
62221,1.6311071032858915
62222,0.8624827953498958
62223,1.7617979658676786
62224,1.9299131750217966
62231,1.59385048344143
62232,1.2169460640207344
62233,1.6347049902143516
62234,1.8244363698609718
62241,1.1793432621329738
62242,0.9364094218816422
62243,1.8635497286685643
62244,1.5541983329474713
62251,1.170456268114679
62252,0.6414853528017996
62253,0.5998582141307914
62254,0.9073226485198409
62261,1.5313536537963075
62262,1.0453179141660047
62263,0.36183975402107305
62264,1.4756712444011642
62311,0.4075473482756311
62312,0.925639757541232
62313,0.8585374145749232
62314,1.2079683288642058
62321,0.23886979282769416
62322,0.7558725309330874
62323,0.7133245390124427
62324,0.5
62331,2.3689159966973254
62332,0.6472452401784129
62333,1.4378598241522882
62334,0.8030275664277432
62341,0.672515
62342,0.8239050499999998
62343,0.485
62344,0.485
62351,2.7790780990037196
62352,1.3478460123473477
62353,2.9974323631140996
62354,1.0336750334285871
62361,2.7419626817137974
62362,0.9303442505001562
62363,2.377671510235596
62364,1.2237805297541087
63111,0.9928071735514563
63112,0.5886879822457082
63113,0.19281899773458622
63114,0.029219895138335616
63121,1.066432136753525
63122,1.2190466887506552
63123,2.0057611776135538
63124,1.0409952542649397
63131,2.6331217602175814
63132,1.9544737649169917
63133,1.9407657245001477
63134,2.2463484730283003
63141,0.9847585738102006
63142,1.113846070012865
63143,1.7037096788036825
63144,1.2895020841939084
63151,1.2279765300965189
63152,2.648341174989866
63153,1.3072186106809591
63154,1.0868410535476452
63161,1.6764311224994966
63162,1.550404948778914
63163,1.63537189960311
63164,0.7098161934260752
63211,0.13260686370326513
63212,0.4004414668160764
63213,0.8873477325492602
63214,-0.3518197989346058
63221,1.1689687355768434
63222,1.5886723086017982
63223,1.3582955817328028
63224,1.6806367753188827
63231,2.1439841385293374
63232,1.8505190673674667
63233,1.6249330685386074
63234,2.0805163696676496
63241,1.4281701793965453
63242,1.2288604868894875
63243,1.4619087991329742
63244,0.01500841183776691
63251,2.0399737020287847
63252,2.178069542553127
63253,2.0450746146728185
63254,2.018037210747514
63261,1.0957359055973759
63262,1.0846387487758757
63263,1.3142716902871348
63264,1.4664087969728028
63311,1.6235645890576311
63312,0.9821106944078155
63313,2.0582413312058487
63314,1.4222378704200374
63321,1.510023755840917
63322,2.170480966276196
63323,2.1878505287756917
63324,1.602207453944269
63331,2.2649264867549204
63332,1.8015952564237567
63333,2.06741292475372
63334,2.630328967522677
63341,1.4745886212522685
63342,0.09902660407734701
63343,0.12096285702214998
63344,-0.07030315052430436
63351,3.3523427613260828
63352,-0.10380923228498062
63353,2.0436028000976245
63354,1.6818355952281192
63361,2.288607713440972
63362,2.047794062423057
63363,1.9956650656855384
63364,3.3068817340954633
64111,-0.36670932233348275
64112,0.21024435076777587
64113,1.0783576893156306
64114,0.42507194309303514
64121,1.473904718872267
64122,1.8976481131226695
64123,1.9356421999690616
64124,1.5937113981048565
64131,1.8910576472542087
64132,2.4166342568864065
64133,2.377405188645888
64134,2.3061282266473193
64141,2.919754545283678
64142,1.2201243580907573
64143,0.7237478619132893
64144,2.5571673426510264
64151,2.043210144700465
64152,1.8445993133791947
64153,1.7575394545080332
64154,2.051721496657997
64161,1.4100748861079233
64162,1.106761549054399
64163,0.7024066410441099
64164,1.3387839222337155
64211,0.42466764385066524
64212,0.4757510681776652
64213,0.1501452638947129
64214,0.8208997973836871
64221,2.1692798535107825
64222,1.8074569116053913
64223,1.0954348123930766
64224,1.7164199433210865
64231,0.6548794197311683
64232,2.3754321337916835
64233,1.7398097734411349
64234,2.3285549724632193
64241,1.7412711021667486
64242,3.09646537530332
64243,3.788060364910867
64244,4.654820306646986
64251,2.2535879212006433
64252,2.612824287610684
64253,2.5587015355328995
64254,2.8340246023886713
64261,2.0975700204841567
64262,2.315021478929728
64263,1.911625824017882
64264,1.8715438822555965
64311,1.9327061212839425
64312,2.2142460406970215
64313,2.0160022408656006
64314,1.0208667772531936
64321,0.10799935026530563
64322,1.1040836220200492
64323,2.447832019675351
64324,2.986856660378956
64331,2.793465900534634
64332,1.7217949257695087
64333,1.452215512425856
64334,2.8337930324808167
64341,-0.2294400694749321
64342,0.5
64343,0.5
64344,0.5
64351,0.6908798977630235
64352,1.3243741957116857
64353,2.4004859848424127
64354,0.6288224747988014
64361,1.6409914191633252
64362,1.7051766977394913
64363,2.395062799187225
64364,3.6719192485161933
71111,0.05381155269209298
71112,-0.27966696337268315
71113,-0.06163844018499842
71114,0.6872263775523341
71121,1.5704674151761995
71122,1.3881298107494024
71123,1.5162082989535628
71124,1.7019516849841612
71131,0.4307964281279587
71132,1.153554727847024
71133,0.9030915883573742
71134,0.8284324713831298
71141,0.27180163871663077
71142,1.2477809726577418
71143,0.5241938555195
71144,0.6105908550693385
71151,1.2134492757189035
71152,1.37419355760601
71153,0.34785964635647004
71154,1.3929939871883077
71161,1.6797990665132785
71162,1.8519299917792569
71163,1.3281487874607498
71164,1.7917956026766382
71211,0.6466775568069536
71212,0.3692620794232055
71213,-0.24403325327376119
71214,-0.5838458273256213
71221,1.5042145924854857
71222,1.0026527771549132
71223,1.477741254410542
71224,2.3239475649695227
71231,1.5219672305349492
71232,1.322725393240927
71233,1.5291338792099405
71234,1.2597968720845434
71241,1.4487154909203546
71242,0.9398746154733267
71243,0.964445491782318
71244,1.3128768030576243
71251,1.2870151114402468
71252,0.4614499999999999
71253,0.4311024778581181
71254,0.2925164944990072
71261,0.8659337345809517
71262,0.6710716395187566
71263,1.4192574573340253
71264,1.5278809758451826
71311,-0.37826462614915013
71312,0.837891392557856
71313,1.7023503191229301
71314,2.181762156514154
71321,1.9819286169344177
71322,0.8672681237050207
71323,0.9862233304846493
71324,2.8471229610637234
71331,0.8683600228693023
71332,1.1324771379794327
71333,0.009550877087833358
71334,1.250792020975442
71341,0.5895349613278199
71342,-0.4408644999999999
71343,0.4563365
71344,0.427165424808518
71351,0.07119815376322813
71352,0.04816605939499996
71353,0.345572184860406
71354,0.4055251404388476
71361,1.1553936235898008
71362,0.7504656472391722
71363,1.1739675426720397
71364,1.3543729143795846
72111,0.12363276920721977
72112,0.06172389605617906
72113,-0.5240492494296589
72114,0.06863540606204044
72121,1.7067000950822904
72122,1.659149249151792
72123,1.81008134728359
72124,0.6666407383278721
72131,1.158708861941852
72132,1.2163420314969706
72133,0.8076249130197795
72134,1.3390870122695107
72141,-0.11499999999999988
72142,1.6714443603526976
72143,0.8424238638782666
72144,2.918925265943615
72151,1.3612137064512249
72152,1.1901345115792434
72153,1.821721770632074
72154,2.1061124103929507
72161,0.9749795351715884
72162,0.8163204217284992
72163,0.8074433099368555
72164,0.8257508316915612
72211,0.20236614556658028
72212,1.0156696090774777
72213,-0.14621513388153068
72214,0.3328819997059199
72221,0.5146003320978256
72222,1.2771767849603854
72223,1.6217194624509261
72224,1.8905137022397762
72231,1.285471624693061
72232,2.0723354278584902
72233,1.688364094297868
72234,0.6230341688726284
72241,2.709824082397061
72242,0.6185933638687868
72243,3.4780156596826783
72244,0.47767274031280715
72251,1.9359569033263304
72252,1.0476828457204712
72253,0.6871611021202825
72254,1.4053212888177669
72261,0.9419239175701284
72262,1.488032922830804
72263,0.7420869837780917
72264,1.0911909636613737
72311,0.7384120002137537
72312,0.8394287133542593
72313,0.12332291945734819
72314,-0.49925724674118865
72321,2.3215468534777726
72322,2.678617056471155
72323,1.7059609951859096
72324,1.9136455490549789
72331,1.1596817091102218
72332,1.262847828633142
72333,1.1875531948225284
72334,0.3273885083225101
72341,1.1207831161697697
72342,1.012509576122994
72343,2.564904748909628
72344,0.6341102520666697
72351,0.8098154935670978
72352,-0.7348916990719112
72353,0.9880562017322775
72354,0.5973761426994328
72361,1.9774558432869007
72362,2.199946078385438
72363,1.654132699058031
72364,2.1205108525154137
73111,0.8168352523351396
73112,0.08175750711805824
73113,-0.1265974729743563
73114,0.35927761494484645
73121,1.9780029503338816
73122,1.9456012702448438
73123,1.9370842446449714
73124,1.0176783730972259
73131,2.577565852783497
73132,2.113506225150208
73133,2.2756983664123864
73134,2.306460495246653
73141,3.9153987737437927
73142,1.8598694618672296
73143,4.528413211083018
73144,4.1778894817422
73151,1.6614773820789053
73152,2.2607930659790494
73153,1.7956755366908914
73154,1.1697830092078727
73161,1.3870272595036908
73162,1.3842279259756722
73163,1.3251647621742355
73164,0.46100488476135043
73211,0.46177643794253936
73212,-1.0176693151233442
73213,0.47294507477731573
73214,-0.14121189714096896
73221,2.0026781420514124
73222,1.3370754950237733
73223,1.504561019232887
73224,1.8105461475229159
73231,1.624493463653537
73232,1.789171640103151
73233,1.2344539415857538
73234,0.4405390668824778
73241,3.444936085715033
73242,2.117499932455674
73243,2.6092639044849846
73244,3.0591982371923723
73251,2.5219769520590445
73252,1.9541097627941453
73253,1.823787964057158
73254,1.8116608518421127
73261,1.3419812418018446
73262,1.5273693197230014
73263,1.7943451513693398
73264,1.6718269029130939
73311,0.7857429037403297
73312,-0.1575437411996012
73313,-0.07931112613418079
73314,-0.20857096317138885
73321,0.9890806199544997
73322,2.0097526263070207
73323,2.795134632366837
73324,1.926222650058914
73331,2.041935985823547
73332,0.9362003875144158
73333,2.822913974333268
73334,1.6599113205892624
73341,2.344408327252764
73342,2.116971309790818
73343,2.588106290296062
73344,2.087150142156674
73351,1.2969844112668416
73352,1.4305777398664716
73353,2.0707598033959305
73354,1.0097368678849257
73361,2.112640392700261
73362,2.5428754264651636
73363,2.456798896354921
73364,2.1680924077213906
74111,-0.4107569236056936
74112,0.29432362175115
74113,-0.20057540693261244
74114,0.08737657371381036
74121,1.4316722241941209
74122,1.9580842497570656
74123,1.7598012437666133
74124,2.041979732057138
74131,2.5763181031848865
74132,2.9512314220834264
74133,1.9827543664088856
74134,2.7602578321468734
74141,2.17539026860573
74142,3.4243985971409567
74143,3.0662648929846332
74144,0.466826322649097
74151,2.0806666207024245
74152,2.1395928922881677
74153,1.6429019952651855
74154,2.4438521534451363
74161,0.3478576314225599
74162,0.7285025583420928
74163,1.2144649624041588
74164,0.7889821122839513
74211,0.9501576339301596
74212,1.138001755290676
74213,1.0017602207834317
74214,0.893439321815313
74221,1.3502902848162235
74222,1.0419405121466987
74223,1.3891532601511827
74224,1.1357150224205126
74231,1.8185323015904071
74232,2.2829983216109855
74233,2.3113742150425094
74234,2.2325343931392494
74241,3.369687838658928
74242,2.633562978046713
74243,3.3919725391201205
74244,4.177363142562018
74251,1.4716228039767267
74252,2.0742073070434386
74253,2.436900066097099
74254,2.409082574564059
74261,1.8089183141026957
74262,2.368594984291378
74263,2.207467367981738
74264,2.1398997911092823
74311,1.1866682980978631
74312,1.0201898518149362
74313,2.148401658566219
74314,-0.27601062022425177
74321,1.9444272088913763
74322,2.326779505236871
74323,2.4190771404840956
74324,1.588856523305488
74331,2.6248707090943513
74332,1.725063470491149
74333,2.8763385228534064
74334,2.2717599787826286
74341,2.0813990232451016
74342,0.6958425770427065
74343,1.8324123623469804
74344,3.8343370122253466
74351,1.6584186290368883
74352,2.0950567068368753
74353,1.6859586108538895
74354,3.9791304332835504
74361,1.0639741083494387
74362,1.4507385887582926
74363,1.8702781125404284
74364,2.8277367908969353
81111,1.247276165367907
81112,0.7891623462830688
81113,0.9776536890196982
81114,1.0642115223851207
81121,1.6952239233560218
81122,1.5494667400624285
81123,1.9276639784817486
81124,2.3271711488196667
81131,0.9979670586467055
81132,2.181862496100847
81133,1.9562447618519168
81134,2.4141151282573254
81141,0.32015
81142,0.5
81143,0.7782352464566338
81144,1.6936058550693385
81151,1.5665107764828154
81152,1.2601520852985921
81153,1.9331094192148381
81154,1.8178347395414256
81161,0.9101063865493487
81162,1.512179077456632
81163,1.714340507424873
81164,1.573560274768349
81211,-0.2301793264370624
81212,0.8995832682699927
81213,1.0167100785101428
81214,0.9029037811800686
81221,2.375113988658256
81222,2.087756367220048
81223,2.33608692595816
81224,2.2489531855807665
81231,1.6707271465444475
81232,2.008575029590393
81233,2.2722181937467765
81234,2.766699162659144
81241,3.114513398174795
81242,0.5
81243,1.994854630826909
81244,1.056073415027437
81251,1.9748367909747215
81252,1.5942795558732206
81253,1.1174088471674373
81254,2.2497867374003913
81261,1.3941739016716586
81262,1.4341019560816604
81263,1.4898090421140593
81264,1.2866185851963658
81311,1.1223966290568992
81312,1.5330966502982348
81313,0.7858445222245452
81314,1.1577385030135003
81321,0.8058842195748174
81322,0.5
81323,0.5
81324,2.3365912987309336
81331,0.5981596179029749
81332,1.6201511575273426
81333,0.5
81334,1.5890038402081
81341,0.30017354355298526
81342,1.8736549518551235
81343,0.45983827930798526
81344,1.0598382793079852
81351,0.6775488078983498
81352,0.9715826742113992
81353,0.4252273947248751
81354,1.0009913859681454
81361,0.3257200561617389
81362,0.2854549235156042
81363,0.8173547487555738
81364,1.3942945732361571
82111,0.8885342909404699
82112,0.791261808287012
82113,0.6439661494885817
82114,0.6438095018659484
82121,1.227256891058371
82122,1.9941104432223211
82123,1.5603485146313258
82124,1.4653037651471332
82131,2.04110107730222
82132,1.939154990899403
82133,2.5081092942038117
82134,1.8774835255828812
82141,0.7635063076867616
82142,0.5053816211382168
82143,0.5
82144,1.1367905588127347
82151,1.8591015403184592
82152,0.743137185191191
82153,2.117308662571886
82154,1.8311647796573576
82161,1.8297603681552708
82162,1.9607559541948647
82163,1.3262397895722682
82164,1.2622720796320368
82211,1.155325689455815
82212,0.898855331481659
82213,0.8024316036205831
82214,0.1367540082383515
82221,1.9299720260089919
82222,2.495180538962041
82223,2.0146726143565794
82224,1.667718109399396
82231,1.1608322545436454
82232,1.1510988131825162
82233,1.6969644028748552
82234,1.9600653668451349
82241,3.9516103703747136
82242,1.137917018717789
82243,2.528494292605604
82244,2.10272830534591
82251,2.319580913468697
82252,1.1631066744422232
82253,0.8649664315256469
82254,2.358272780385949
82261,2.0378490426574025
82262,1.8734781747185179
82263,1.9696792946676045
82264,2.052004639958535
82311,0.5144196241496934
82312,0.22372617951047247
82313,0.6570501933191878
82314,-0.00792669192182438
82321,1.2829054656794745
82322,2.190664819304644
82323,0.8438396156424255
82324,0.7115190818616908
82331,2.467820661414915
82332,2.3916005482938623
82333,0.7895264859074721
82334,1.326961101013486
82341,0.928094750566224
82342,0.5
82343,0.5
82344,1.0074015573665513
82351,0.25559149999999997
82352,0.7820669572400766
82353,0.22209457514722028
82354,0.6204405381825544
82361,1.9532998657363492
82362,1.456500822716002
82363,1.7204522298213725
82364,2.378915837977272
83111,0.6481079359421004
83112,1.3918428668786293
83113,0.7827172616764504
83114,1.2427009716410315
83121,1.0716269562715854
83122,1.2327585428990395
83123,1.7377559125504747
83124,-0.1552900234976633
83131,2.124869259645932
83132,2.4310764658890407
83133,1.8747317854163423
83134,1.7646980493763076
83141,2.3605263938058014
83142,4.37243572831046
83143,2.4659593462426717
83144,3.1536904465079245
83151,2.7405016073211454
83152,2.6610928932445144
83153,2.7746468416894112
83154,2.1618666021803543
83161,1.6206125596073366
83162,1.3023914695606784
83163,1.5670896868657342
83164,1.4302048655577906
83211,1.255818465039913
83212,1.040589374255026
83213,1.6564969911301735
83214,0.9924218727208935
83221,1.8934392909606157
83222,1.794504951463241
83223,1.9440661390517748
83224,2.426233098717453
83231,3.0492260556013933
83232,2.4155560099454534
83233,3.029245266143522
83234,2.535029089465797
83241,2.3749527490077478
83242,1.6891277566370244
83243,2.3129599733314103
83244,0.9068059992498707
83251,2.706535585165658
83252,1.9643292173748197
83253,2.398201233868116
83254,2.3875911484515027
83261,2.184971450206655
83262,1.5898454766692485
83263,1.26975471528971
83264,1.7046279975343817
83311,1.8168905873068735
83312,0.7650659215193552
83313,1.810622194197799
83314,-0.20010133963021381
83321,2.2491207227063303
83322,0.6515466130153267
83323,2.552177259397659
83324,2.511333058559642
83331,1.9871091727480312
83332,2.6520080427118033
83333,2.4450452651009695
83334,3.1924069930082233
83341,1.8205608214486433
83342,0.6476552869910422
83343,0.8733177481053956
83344,0.1516210804910424
83351,1.387755491509372
83352,1.185269900088699
83353,1.248603628639882
83354,0.34182838147886857
83361,2.5622118635334985
83362,1.816017250560059
83363,0.3281714281686381
83364,2.411003939878337
84111,1.7227317143130374
84112,0.9282729328818494
84113,0.8407501263147529
84114,1.0007784595147264
84121,2.380142071399679
84122,2.5334603122489625
84123,2.551341703088639
84124,0.3207273915556694
84131,2.7513612484475276
84132,1.9148492413901257
84133,2.737892315390143
84134,2.8906945790624277
84141,2.5124912840366846
84142,1.8960210031298508
84143,2.7778716645659935
84144,2.228983400385381
84151,2.1916780231654918
84152,2.2684864031661207
84153,2.1938481239247625
84154,1.415498872173703
84161,1.5661780427702336
84162,1.4081576758038008
84163,1.6370494993984344
84164,1.1815010456319714
84211,1.3169335792939734
84212,0.7971276582593494
84213,1.3808013408657072
84214,1.7901920976332675
84221,2.6986537930860375
84222,2.9809667606347285
84223,2.998437838170006
84224,2.3670663104367407
84231,3.4656184636065537
84232,2.6764699264764427
84233,3.377647852248707
84234,3.0529282359498873
84241,0.886916055358704
84242,1.1353169318481924
84243,1.3896217197184972
84244,3.0960725177507085
84251,2.2228853181352592
84252,2.2004441582609946
84253,2.054538370875763
84254,2.148896053034318
84261,2.413041080904469
84262,2.2869143213611163
84263,2.188261289587512
84264,1.8974513166475049
84311,1.3942461663253134
84312,1.5961722225792019
84313,1.7438934273002453
84314,1.8394476057427767
84321,3.1648807047297267
84322,1.8244566947592222
84323,3.0035788467457736
84324,3.261133962575275
84331,3.6678309995090492
84332,2.0925150158420247
84333,2.2768109576831828
84334,1.3134416655402161
84341,-0.4519581020109159
84342,1.1800053427601624
84343,0.6686014425452439
84344,0.6686014425452439
84351,2.5915947583204058
84352,1.4998231258836192
84353,1.6566544403975845
84354,1.4307137833798644
84361,2.4155196866916433
84362,1.640068866596959
84363,3.3680675384860086
84364,3.074894131060575
91111,0.4639332631385376
91112,1.4811742369794496
91113,0.4402712370955415
91114,0.9847106663823768
91121,1.4266454813944391
91122,1.1609313404777941
91123,1.3199460614680543
91124,1.6950831806367
91131,1.846754606101718
91132,1.3599239087593595
91133,1.3262249466685696
91134,1.5357881334025112
91141,1.1779627448832757
91142,1.2039558133321648
91143,2.3344454682454856
91144,0.8120275149500191
91151,1.5662062007000954
91152,1.1843912285997238
91153,1.5849960950599244
91154,2.1347427720859904
91161,0.8489715424833646
91162,1.7917725834098648
91163,1.7468234831620741
91164,1.776796166803927
91211,0.9133117308419457
91212,0.6673927787932232
91213,1.197305218699479
91214,1.0147710299778245
91221,0.6153509089935941
91222,1.6559853015366457
91223,1.6921483018459358
91224,0.7391180316920474
91231,1.390824506791588
91232,1.95003430598121
91233,1.6787500068032508
91234,1.4832937969838107
91241,1.0107602066301509
91242,0.9812038458866201
91243,0.5
91244,0.9063723848784546
91251,0.24065026787876065
91252,0.9414291691452814
91253,0.7243882169268404
91254,1.7900077166976731
91261,0.522205302307756
91262,1.4506107793433218
91263,0.6984699195303902
91264,1.0686331786126242
91311,-0.11798939450474166
91312,1.0960370172090708
91313,1.115599005349792
91314,1.1212266049646835
91321,0.9177779248115563
91322,1.3211276094582718
91323,1.086651756228296
91324,1.4962753099857036
91331,0.185
91332,0.2960218663865001
91333,1.7983315611239687
91334,0.5
91341,0.5
91342,0.646933580394333
91343,1.0997540014604927
91344,-0.4149999999999999
91351,0.5
91352,1.481128177449523
91353,0.5
91354,0.9513283063306359
91361,0.46202784008821984
91362,0.5541139705473291
91363,1.6356968285363822
91364,1.8871939647933171
92111,1.2071786306243237
92112,1.573666979036223
92113,1.3138608805394334
92114,1.1981241804718379
92121,1.490027860623247
92122,0.2375144235771982
92123,1.3103448685895596
92124,2.0544422476708726
92131,2.4495349757421656
92132,1.874200852275266
92133,1.6964963469299592
92134,2.429544101228495
92141,2.7661712607549642
92142,0.89378219
92143,2.8226387066718797
92144,1.6725457925278928
92151,2.5709077692199256
92152,1.333536644676406
92153,1.118821959844118
92154,1.9527937634268675
92161,0.6535308866247075
92162,1.251756236448092
92163,1.2788721735260364
92164,1.9273149700537453
92211,0.3250586542656142
92212,0.4491481945572766
92213,1.0838727262921442
92214,0.6993718083427963
92221,1.3230000015598802
92222,0.8510321995620342
92223,1.0623167497439698
92224,1.0688613710284276
92231,1.387455168470648
92232,0.3985518073848555
92233,1.0015561470714611
92234,1.083453934852596
92241,0.9574232595733517
92242,1.3336814828194394
92243,2.284347465075745
92244,0.8530611908148206
92251,1.2556727071801381
92252,0.04380105773383269
92253,1.4649572150954258
92254,1.0963335497268336
92261,1.459534644372831
92262,1.4690265025914235
92263,0.6002560236212667
92264,0.7579973575009548
92311,0.824599830136227
92312,1.343011938764525
92313,-0.41009616982208874
92314,0.2839848519574495
92321,1.3486829318896805
92322,1.1335481851354041
92323,1.2254659294358408
92324,0.8546363308625028
92331,1.1299802340401104
92332,1.693446368983462
92333,0.7165238371120676
92334,1.038257346322725
92341,1.64345
92342,1.0239500000000001
92343,1.0303279410088124
92344,2.3607467607875505
92351,2.487258110065285
92352,1.812821589990427
92353,1.5017492282317768
92354,1.7012492282317768
92361,1.0852624090255112
92362,-0.48242599898627814
92363,0.38499391739349487
92364,0.5100564926559756
93111,1.3090741312872571
93112,0.10074598906109367
93113,0.867087295506281
93114,0.6923260640749527
93121,1.2723568102365224
93122,1.7070318184536213
93123,1.293743931118294
93124,1.5415561399251043
93131,2.1557556918943583
93132,2.498721332556964
93133,2.220038282758376
93134,1.9241364718692373
93141,2.785888903268999
93142,2.365371418314095
93143,2.5759447335622867
93144,1.7922949273089215
93151,1.4079290023684026
93152,1.957760782483952
93153,2.258950304279481
93154,1.5974543738572153
93161,1.5348741472538148
93162,1.6506223008333631
93163,0.5445892375593204
93164,1.0350262954363612
93211,1.5257120641918487
93212,0.43748642942011107
93213,0.23396397722981932
93214,0.16262839103817006
93221,0.42865911891023467
93222,1.0221946648822784
93223,1.2865099277407146
93224,0.5992136191213723
93231,1.333895737951289
93232,1.310478988794143
93233,0.5943058049547025
93234,1.1716977342459505
93241,3.556342969474751
93242,3.9362952372770406
93243,3.0460287713180296
93244,2.4276227000396964
93251,2.504888324683432
93252,1.976327772682864
93253,1.8034781392391235
93254,2.3392529545880683
93261,0.771383557393132
93262,1.122031137420325
93263,1.4133243746810298
93264,1.0628619543175966
93311,1.1573970421747986
93312,0.45404559834916275
93313,-0.8069279991060359
93314,-0.49938506313445163
93321,2.399730656184879
93322,1.5492192002296241
93323,1.8788365206904625
93324,1.4231597508949476
93331,2.5416953581839183
93332,0.42534752237536555
93333,1.7597696510304668
93334,2.673618261752642
93341,2.273433307488026
93342,0.47305584939155254
93343,1.331510079975261
93344,1.7651006944511507
93351,1.3060820166182332
93352,1.1760296591966928
93353,2.2625490407850535
93354,3.0648974300814515
93361,0.8806574722488134
93362,0.9642021958500191
93363,1.5380740316886439
93364,1.2617546662444645
94111,-0.0379106361649606
94112,0.9266171082576982
94113,1.3874756375676591
94114,1.1468318536458488
94121,1.6044108073331484
94122,1.2963788788309718
94123,1.3774710223591626
94124,1.455796870330245
94131,2.1879810698930697
94132,2.316363809227521
94133,2.8603583745380936
94134,2.412526672660006
94141,2.6757377623700895
94142,1.552363210514121
94143,2.93833175291368
94144,2.4965993704353417
94151,1.6853759214914548
94152,1.694766575908054
94153,1.4519002055717165
94154,2.10726274719298
94161,1.6675229872672237
94162,1.1824969503328386
94163,1.7811707772884549
94164,1.471543871928402
94211,0.5127954339134115
94212,0.388206254181522
94213,1.0686598455879064
94214,0.5324130331909847
94221,1.6757236226770829
94222,1.9495971329723505
94223,1.8732745112000824
94224,1.9016199503919398
94231,1.2220571746975653
94232,2.2332729809363854
94233,2.474867713913401
94234,2.2166393434325347
94241,2.441290647372352
94242,2.8348555329898897
94243,3.10667775862926
94244,4.1625800405493045
94251,3.2035913270812295
94252,2.6650176758967064
94253,2.672626512985437
94254,2.997370202966065
94261,1.9837130124187778
94262,2.1886189889996825
94263,1.8161489378082334
94264,2.2843041528127737
94311,1.2012065143619934
94312,1.8729743551992482
94313,1.3687111252746516
94314,0.7236963213249942
94321,2.1693992297159705
94322,1.4870651734842582
94323,2.183290775389182
94324,1.4783236397587531
94331,2.2915251030182446
94332,2.4470792680719136
94333,2.2442422364364343
94334,2.831216796462281
94341,1.1474734145382262
94342,0.866042449366385
94343,1.7073491717657419
94344,1.347691654188638
94351,1.4217088802129683
94352,1.0105874232538163
94353,1.4915216949526917
94354,2.5470957093442785
94361,2.127855600438318
94362,2.3566471252711665
94363,2.4216374261123956
94364,2.4498234918329524
