11111,-0.11499999999999988
11112,0.48180531804609106
11113,2.1170510663711704
11114,1.008519658954384
11121,0.5
11122,0.5
11123,0.5
11124,0.5
11131,0.42375318848083543
11132,1.0824725237773902
11133,0.5
11134,0.5
11141,0.5
11142,0.5
11143,0.5
11144,0.5
11151,2.9872333112023077
11152,0.5
11153,0.5
11154,0.5
11161,0.185
11162,0.7608740147187374
11163,1.9796514352807089
11164,0.5
11211,0.2620097418684346
11212,0.64449507011145
11213,0.5
11214,1.947850430200025
11221,0.4614499999999999
11222,0.5
11223,0.5
11224,0.86195
11231,0.38909855565499996
11232,0.6624841814814533
11233,2.5932357216732638
11234,0.5714924782795783
11241,-0.11499999999999988
11242,0.06570355721980209
11243,0.5
11244,0.5
11251,1.1457368796050178
11252,0.5
11253,0.5
11254,0.185
11261,0.07888344540181652
11262,0.0017545277304717999
11263,0.5
11264,0.5
11311,-0.09812470829189224
11312,0.46414217943823366
11313,0.5337071347667646
11314,0.4986922363673453
11321,-0.11499999999999988
11322,0.485
11323,0.5
11324,0.557224689131925
11331,-0.09674071540392948
11332,1.8271736857291965
11333,0.5
11334,0.5
11341,0.185
11342,0.5
11343,0.5
11344,0.5
11351,-0.4149999999999999
11352,0.5
11353,0.485
11354,0.5
11361,0.485
11362,0.527935770980916
11363,1.4591568279797558
11364,0.5
12111,1.7830927095349633
12112,1.2328185210699993
12113,3.8189351805623737
12114,1.2540417268997492
12121,1.7359072038850227
12122,1.8592830112637304
12123,1.273791764408663
12124,3.1488323804056204
12131,2.0523478498160572
12132,1.0538200997956593
12133,0.47128655838182093
12134,0.8422256860527358
12141,-0.4149999999999999
12142,0.5562767260328019
12143,1.4426207217723532
12144,0.5
12151,0.2013394938500001
12152,-0.3579178120104598
12153,0.4563365
12154,0.4563365
12161,2.092802620051087
12162,0.5
12163,0.5
12164,0.5
12211,4.318989967606207
12212,1.0130126605940932
12213,2.084723783434307
12214,1.0649553956399314
12221,0.185
12222,1.569327842140811
12223,1.1040413429851
12224,3.621378455791229
12231,3.3506025297675905
12232,1.7622604597321425
12233,1.9989706924210116
12234,2.1898165953055773
12241,0.9958529131661802
12242,0.5657760245
12243,0.5
12244,0.5
12251,0.306810242468158
12252,0.4235212494096665
12253,0.5
12254,0.5
12261,1.3398223442147725
12262,1.7358405179216685
12263,2.7976259443305618
12264,2.18729880151852
12311,-0.08799612660444345
12312,-0.04970622243218825
12313,0.434190132163655
12314,3.3338055710305907
12321,0.8420329101689594
12322,0.3637265
12323,1.7649429031966752
12324,-0.13069182573421761
12331,1.531502833678927
12332,1.3222108491409585
12333,1.4595328918913382
12334,1.6297247039976988
12341,0.485
12342,0.24259486205022107
12343,0.5
12344,0.7849999999999999
12351,1.6020370296163011
12352,0.5
12353,0.5
12354,0.5
12361,0.9435075027820874
12362,3.2506415931526593
12363,0.979523580275088
12364,0.6204406027715322
13111,1.2565712227819719
13112,4.6167345505612865
13113,3.382549938319581
13114,1.680728784343975
13121,0.2748871717197149
13122,1.9634423858673764
13123,0.6743885835441947
13124,0.5
13131,1.1396479616303663
13132,2.8743103095569302
13133,1.6518568024120222
13134,1.419728636944941
13141,0.06170846082936729
13142,-0.5636635
13143,0.44645704999999997
13144,0.6761985586272861
13151,0.05045000000000008
13152,1.446625333649794
13153,0.4563365
13154,2.962039109025469
13161,1.8638606024868518
13162,0.6272433646980595
13163,0.8701984583288422
13164,0.2517339663892356
13211,2.0307644058998475
13212,1.9645403519007276
13213,3.6200743365504957
13214,3.165029318915894
13221,2.6998447896480435
13222,2.6920001925843593
13223,2.5874461309970433
13224,2.840090000268555
13231,2.770239441418692
13232,2.280787665788071
13233,1.7985332217272991
13234,2.391335767042756
13241,0.185
13242,-0.11499999999999988
13243,1.4186469096654084
13244,0.42867622850000003
13251,0.8636393103500002
13252,2.0371493635096516
13253,0.9600441291720347
13254,2.482291631616858
13261,2.1894639573237455
13262,1.4934513692222242
13263,3.8437167469042426
13264,2.689453273755477
13311,1.6307031274943347
13312,0.21480180201698218
13313,1.323355827851251
13314,4.086651396114493
13321,1.1413430970803402
13322,0.5747849136936435
13323,2.5289217792945085
13324,0.6258773807657824
13331,1.46365615703069
13332,1.1291069095389292
13333,1.9285254880791995
13334,1.6745044909208027
13341,1.706315
13342,0.185
13343,0.5
13344,0.5
13351,2.195161985703061
13352,0.3058765778383
13353,1.228667629093838
13354,0.7849999999999999
13361,3.0994299615063077
13362,1.7921157080106431
13363,2.287859354290254
13364,1.9513778896298666
14111,1.7921574593207865
14112,2.9382184827672884
14113,0.9082430743402885
14114,0.5
14121,1.1593176560165876
14122,1.1490561009433016
14123,1.4001298382176266
14124,1.6076595957418909
14131,1.8761542549762806
14132,0.8324166703530401
14133,0.8217344593858357
14134,0.866384695799118
14141,0.5
14142,1.270403586991185
14143,0.5
14144,0.5
14151,1.8503446400569463
14152,5.265013784554002
14153,2.156853977540779
14154,0.5
14161,1.6922809895217572
14162,2.5986607701326143
14163,0.9405789635877915
14164,0.5
14211,0.2157067025423628
14212,1.5208529451025603
14213,1.983926542013842
14214,1.8889884225428357
14221,0.485
14222,4.315221957871503
14223,1.0605474056490394
14224,1.0020220253640528
14231,1.7323469241778096
14232,1.7672533062854558
14233,1.9248461493148925
14234,0.6777455857377559
14241,0.5
14242,1.9474776229347985
14243,2.1689796457337462
14244,4.963344357802855
14251,0.9441859178479373
14252,-0.13069760568270616
14253,1.597199924593701
14254,0.5
14261,2.503202454521478
14262,0.8836367455744952
14263,4.698219248280085
14264,2.965633445821648
14311,1.4129669859270326
14312,1.0065082717776714
14313,1.688311668495431
14314,2.5694893317423353
14321,0.485
14322,0.17281470500000007
14323,0.6594846700423094
14324,2.020501818723399
14331,1.194481760855901
14332,1.0678691306682926
14333,0.9090937500326226
14334,1.477230376512665
14341,0.3844109379095001
14342,0.9746067093950002
14343,0.6293015
14344,0.5
14351,0.8668873902220644
14352,0.5341317662390646
14353,1.0162621491895967
14354,0.76145
14361,3.0349162362189355
14362,1.7109368225706927
14363,0.5
14364,1.2863912665926254
21111,0.485
21112,0.686688285299315
21113,0.5
21114,0.3931128749710452
21121,0.485
21122,0.5
21123,0.5
21124,0.5
21131,1.3020207129626002
21132,0.5
21133,0.9939034959015587
21134,0.5
21141,0.5
21142,0.5
21143,0.5
21144,0.5
21151,0.485
21152,0.5
21153,1.296512179935477
21154,0.5
21161,0.7849999999999999
21162,0.5
21163,0.5
21164,0.5
21211,1.3523015514432322
21212,0.485
21213,0.722549752434384
21214,3.548616819875837
21221,0.485
21222,0.5
21223,0.5
21224,0.5
21231,2.231863792963992
21232,0.5
21233,0.5
21234,0.978125205519875
21241,-0.12954999999999994
21242,-0.11499999999999988
21243,0.4563365
21244,0.7452440934694999
21251,0.315815
21252,0.5
21253,0.5
21254,0.5
21261,0.5
21262,0.485
21263,0.5
21264,0.5
21311,0.5
21312,0.5
21313,1.19269239097343
21314,0.5
21321,0.5
21322,0.5
21323,0.5
21324,0.5
21331,-0.03550000000000003
21332,0.5
21333,0.5
21334,0.5
21341,0.5
21342,0.5
21343,0.5
21344,0.5
21351,0.3253388255062854
21352,-0.11499999999999988
21353,2.9783374509094998
21354,0.3788374509095
21361,0.32674488778408983
21362,0.5
21363,0.6075651081546285
21364,0.5
22111,2.14255223177824
22112,0.8701155440808557
22113,0.7586581525090227
22114,1.8998543532962358
22121,0.698166832812581
22122,-0.11499999999999988
22123,2.5970826564584595
22124,0.5
22131,1.0104530511312186
22132,1.5832409919268673
22133,2.3742040701928415
22134,0.5
22141,4.926509461927546
22142,0.5
22143,0.7227765500000001
22144,0.5
22151,1.1846108339353747
22152,2.4967232047091668
22153,1.1505704709747677
22154,0.5
22161,1.9780126104742703
22162,0.40884905775839686
22163,1.8018676772550086
22164,1.5244998574705706
22211,0.6154952069654386
22212,2.197872766679522
22213,2.9485445481067902
22214,2.588552799582579
22221,0.7978926224848335
22222,1.9774976201519963
22223,0.5147970853745086
22224,1.4401618120692787
22231,2.0130806237636136
22232,0.32441717354870103
22233,1.2839693010644526
22234,3.552321448119133
22241,0.5
22242,0.5
22243,1.5007996894463569
22244,0.5
22251,1.5595360325524834
22252,0.31805273190787653
22253,0.15455335684552468
22254,0.8473472240794999
22261,0.9458936865950001
22262,2.3120364098601014
22263,0.48877829472044587
22264,2.5729953381358754
22311,2.5757631241885526
22312,2.686738126143473
22313,1.128723545704341
22314,0.8876364682669755
22321,1.7440810776852875
22322,0.5
22323,0.5
22324,0.5
22331,2.9570290334843436
22332,1.1834709214605512
22333,1.4886557631261699
22334,1.9550070579841226
22341,0.5
22342,1.8727013250055342
22343,0.5
22344,0.5
22351,0.5
22352,1.8711510109917886
22353,2.8450603674058854
22354,1.627673635043353
22361,2.24738647778654
22362,1.1419759291915856
22363,0.5384357709809161
22364,0.7677505625075771
23111,1.857183771765495
23112,1.983590188702787
23113,3.6881241403481893
23114,1.5222914455671595
23121,1.39538890082542
23122,2.399872289768615
23123,1.5263936234519564
23124,2.390452509704015
23131,1.266651033132868
23132,1.7506294181340212
23133,3.1774957947645337
23134,1.4461490160874577
23141,0.8806395804191203
23142,0.3637085646229926
23143,0.7414517904259407
23144,0.9643438454645001
23151,1.684575945658493
23152,1.331927179935477
23153,-0.29698487603123913
23154,4.897925464701619
23161,0.9184969602983042
23162,4.083066246234045
23163,3.652076569720168
23164,3.9211863730495873
23211,1.3704693051811283
23212,3.2340582289089235
23213,2.257697140546995
23214,1.906136512179793
23221,0.574045371185109
23222,1.2737898102056273
23223,2.642411436172086
23224,1.848714401098183
23231,2.5062951435952026
23232,2.181781462253868
23233,1.8756729497741422
23234,2.0901554132732154
23241,2.1324097959986306
23242,1.2212085983772585
23243,1.6005260814623352
23244,3.656154500331256
23251,0.7757346251022891
23252,0.7051820094155139
23253,1.0072431786770806
23254,0.5
23261,1.8815945653700206
23262,1.8789945176561123
23263,2.3758448464604505
23264,2.9764563432364572
23311,3.9825541518842598
23312,1.8100518428127255
23313,2.5229236386692375
23314,2.619111596541003
23321,1.539604679763494
23322,0.9077844885977892
23323,0.5
23324,2.247525494961319
23331,3.338036913741447
23332,2.1734764223578247
23333,2.0646839868350013
23334,1.6797539556950003
23341,0.07410621017449992
23342,1.4952467519333754
23343,0.5
23344,-0.06236218892049994
23351,1.155210772967783
23352,0.5
23353,1.504330718858355
23354,2.639966835608168
23361,1.6105907264086585
23362,0.9518773095941774
23363,0.9122549764158125
23364,3.4621674259439463
24111,2.53047228757032
24112,2.842420468545035
24113,0.2852914637945705
24114,2.9915200400025177
24121,1.154389113839801
24122,0.5
24123,1.5767506859729572
24124,2.3212988369368786
24131,0.6539060684470489
24132,0.5670053274472786
24133,3.6134723688874306
24134,2.2636193170327314
24141,0.8528937687485342
24142,1.312499256872508
24143,3.4536789052964245
24144,1.3017616172665298
24151,0.9612089521537923
24152,0.8018294521537922
24153,4.617493350774692
24154,0.5
24161,0.8993373750429323
24162,0.5
24163,2.84362363500045
24164,2.137020998662779
24211,2.307770940482468
24212,2.2991639304279925
24213,2.879802617532026
24214,1.4232374368326814
24221,1.146692697921984
24222,2.9507136960073477
24223,1.0393056555250297
24224,1.3787680659033048
24231,2.163216559278692
24232,2.7940494574590624
24233,1.573733130702694
24234,1.3871474514555793
24241,0.9357197809670174
24242,-0.58426921
24243,1.4120583544300347
24244,0.42936701284999995
24251,0.6930390769603524
24252,0.5
24253,0.5
24254,1.6401990275531486
24261,1.6500620640125736
24262,0.9144108288772465
24263,2.306835717160465
24264,0.5
24311,1.8743001396341343
24312,1.2716577906267923
24313,1.7667232235883847
24314,1.9912682276686828
24321,-0.03805000000000003
24322,1.4760520434966082
24323,0.5
24324,0.416448305
24331,3.165991150510145
24332,1.1903908981256628
24333,1.3611838127343159
24334,1.3212761546807017
24341,0.5
24342,0.5
24343,0.5
24344,0.5
24351,1.001066911110145
24352,0.28889178094890827
24353,0.6322710628339261
24354,3.147248534673125
24361,1.9123554148807396
24362,0.5
24363,0.5
24364,0.9738960840751252
31111,0.5
31112,0.5
31113,1.6144771814168906
31114,0.5
31121,-0.7149999999999999
31122,0.364523740728127
31123,2.1909465161278643
31124,0.5
31131,0.07131060544999995
31132,2.0578657406962186
31133,0.5
31134,0.31415
31141,0.30971838485000036
31142,0.80495
31143,0.5
31144,0.60322058135
31151,0.5
31152,0.5
31153,0.5
31154,0.5
31161,-0.3560349999999999
31162,-0.11499999999999988
31163,0.4563365
31164,0.47045
31211,-0.06376188135234995
31212,0.33659149999999993
31213,2.8943854562906974
31214,1.2912020661160324
31221,-0.11499999999999988
31222,0.5
31223,0.5
31224,0.5
31231,1.1292785938949632
31232,0.5
31233,0.5
31234,0.14140872586529152
31241,0.5
31242,0.5
31243,0.5
31244,0.5
31251,2.0682106630835797
31252,0.5
31253,0.5
31254,0.5
31261,-0.43061918943914046
31262,0.4676885411486326
31263,0.485
31264,2.3160010274413905
31311,0.5
31312,0.5
31313,1.2492019319252938
31314,2.879484860465226
31321,1.6051277095395329
31322,0.5
31323,0.5
31324,0.5
31331,0.5
31332,0.5
31333,0.223005306216979
31334,0.5
31341,0.5
31342,0.5
31343,0.5
31344,0.5
31351,0.6317264178845
31352,-0.11499999999999988
31353,0.26588909877215
31354,0.5
31361,0.5
31362,0.5
31363,0.5
31364,0.485
32111,1.2633787832868852
32112,0.0413953043937646
32113,1.1861439745219413
32114,5.874775976089742
32121,-0.38995441107550005
32122,-0.17824595922114722
32123,0.44496135789296354
32124,2.8857111251255314
32131,1.256861930976858
32132,0.700184716546454
32133,2.2536343551556492
32134,1.210999215538605
32141,0.16144999999999998
32142,0.054500000000000104
32143,2.2147417049749505
32144,0.485
32151,0.12463440819580318
32152,-0.11499999999999988
32153,0.9801956107778873
32154,2.816720112972009
32161,0.398414940259643
32162,-0.022342549833335057
32163,1.4690684113246504
32164,1.0333220751789045
32211,3.9340239479512134
32212,0.9740349542553588
32213,0.3476863541110319
32214,1.2791563400274033
32221,-0.2454999999999999
32222,0.485
32223,1.4808835999999999
32224,3.58816147282757
32231,1.4983022265434969
32232,1.7569515967116847
32233,2.8766784285164877
32234,0.5
32241,0.485
32242,0.5
32243,0.485
32244,0.5
32251,1.227783585639741
32252,1.7460378200486724
32253,0.485
32254,0.5
32261,1.0973118202754024
32262,1.6483066168016118
32263,2.8903839782219896
32264,0.485
32311,1.9607765491047369
32312,3.718274206529186
32313,4.269435353057942
32314,3.51002228219286
32321,2.640645277436784
32322,1.4537426910800542
32323,0.5
32324,2.0537426910800543
32331,1.7837359204668433
32332,1.5903063215944422
32333,0.485
32334,3.15363958001269
32341,0.5
32342,2.0209081423331874
32343,4.05980156064903
32344,0.5
32351,1.0955356996046013
32352,2.9141756264544934
32353,3.7810050412668557
32354,1.2594219941880267
32361,0.38449999999999995
32362,3.4188606510621695
32363,1.5172226682594185
32364,3.9447227851240085
33111,2.451225074405374
33112,1.4819158325218016
33113,2.7143875066265806
33114,3.8866201138519423
33121,1.3890730403377645
33122,0.5357894828721005
33123,1.5232077504134365
33124,2.5914875114532743
33131,1.1989975213538047
33132,1.703268403039953
33133,1.5475281968733436
33134,3.1158964263680717
33141,1.4344172240142559
33142,3.8687180112715267
33143,0.8127601454398938
33144,0.7247351779920845
33151,1.9313821093808579
33152,0.5987347340934774
33153,2.5618527653845624
33154,3.6590359197131375
33161,-0.6216084999999999
33162,0.45691547119969217
33163,0.47045
33164,0.47045
33211,2.6030347463906676
33212,2.9647630360153587
33213,3.4024772630939357
33214,4.282429055871314
33221,2.2569532605709934
33222,2.5204152057328733
33223,3.9152631690236044
33224,2.805209001735726
33231,3.530255088547785
33232,3.1445795556328004
33233,3.4318482907969106
33234,3.8688831189139696
33241,-0.7933397686928951
33242,-0.11499999999999988
33243,0.2645
33244,0.7293670128499999
33251,2.4939552324632275
33252,1.2413596265637483
33253,0.5
33254,0.6930893698809977
33261,1.3533943517135327
33262,3.989007933970242
33263,1.3041717881348256
33264,2.3787060198224887
33311,4.426737693103056
33312,3.5731827082792753
33313,3.737127321190252
33314,3.68189699404979
33321,1.5205437715134218
33322,2.933144105230376
33323,3.230077410339415
33324,5.080498055177211
33331,2.332900251592714
33332,2.396852421818235
33333,3.6588343900889466
33334,2.933681123592478
33341,3.1530339738398374
33342,2.5963300229242274
33343,3.777606241040364
33344,2.145288522021412
33351,2.9946308209083776
33352,4.167441326690931
33353,3.675855078476867
33354,4.448120292127454
33361,3.5142246128198007
33362,3.2757833307058375
33363,3.254867125651964
33364,4.876243050184822
34111,2.976597290744724
34112,2.8249454767840607
34113,1.348381369354451
34114,3.0830873840651365
34121,1.4649367017365236
34122,0.8586105941826181
34123,0.5
34124,3.1091224087802187
34131,1.0881222256577616
34132,2.1812317883295864
34133,4.444150465941832
34134,1.0791600869158298
34141,0.5820028036825617
34142,0.6377682678975449
34143,0.898158532157636
34144,0.5
34151,3.3146476609499285
34152,0.5
34153,0.5
34154,0.5
34161,0.3465215000000001
34162,0.48211491465663303
34163,0.185
34164,2.096978279443899
34211,2.204233583431582
34212,2.06649156491842
34213,3.05600857801521
34214,2.246167096384852
34221,0.9910523989116031
34222,2.786835313582852
34223,2.220503244414446
34224,2.0052540394194054
34231,2.8906735864202107
34232,4.249085562897555
34233,2.6668273423573257
34234,4.096363427260831
34241,1.4616795589118856
34242,0.5
34243,0.5
34244,0.185
34251,2.3127925644219554
34252,0.5
34253,0.5
34254,0.5
34261,2.0818463422606546
34262,0.15336995319961477
34263,1.3504604266488547
34264,0.9907000974749381
34311,2.2681388786935033
34312,2.8106712090786417
34313,3.0928006110404995
34314,2.630832523096463
34321,0.5311078763328049
34322,1.7708633757776733
34323,2.56572141818542
34324,4.585850406382679
34331,2.4115018094947818
34332,3.9127126623094974
34333,2.438489513509132
34334,1.530806782730075
34341,1.1868618756131268
34342,0.6705717884062796
34343,2.8085287192974686
34344,3.891784432806067
34351,4.129968224506953
34352,3.9871626026611966
34353,4.098997263211244
34354,2.6694516173366236
34361,0.3775975377905763
34362,3.487717978820348
34363,4.942126178037374
34364,2.8654673311114496
41111,0.4614499999999999
41112,0.9089520473544624
41113,0.5
41114,0.6654649347581121
41121,0.485
41122,0.5
41123,0.5
41124,0.5
41131,0.8614530783886736
41132,2.0477564499548335
41133,0.9709459768886732
41134,0.5
41141,0.5
41142,0.5
41143,0.5
41144,0.5
41151,0.5
41152,0.5
41153,0.5
41154,0.5
41161,0.185
41162,0.5
41163,1.385
41164,0.5
41211,0.4293366217702774
41212,1.165348098054249
41213,2.3964643508400436
41214,0.815434801326461
41221,0.2331372800974395
41222,1.5402460156436502
41223,0.5
41224,0.5
41231,1.340633236285608
41232,0.5
41233,2.7276497702591924
41234,0.6126335725913308
41241,0.5
41242,0.5
41243,0.7849999999999999
41244,0.5
41251,0.485
41252,0.5
41253,0.5
41254,0.485
41261,0.36711134911310517
41262,-0.0424119353922624
41263,2.2768938161236116
41264,0.5
41311,2.063300495931104
41312,0.5
41313,0.6571269919069428
41314,0.5
41321,0.5
41322,0.5
41323,0.5
41324,0.5
41331,-0.11499999999999988
41332,0.485
41333,0.485
41334,1.1779023318829502
41341,0.185
41342,0.5
41343,0.5
41344,0.5
41351,0.5
41352,0.5
41353,0.3789726201034794
41354,0.5
41361,0.185
41362,2.0464388389329216
41363,0.5
41364,0.5
42111,1.53066673408588
42112,1.8773613198637285
42113,0.6353798491324498
42114,0.5
42121,0.185
42122,0.8903188850780979
42123,0.56195
42124,0.185
42131,0.76145
42132,0.24433135210343426
42133,0.7476620870664369
42134,1.8635902631094396
42141,0.485
42142,0.5
42143,0.5
42144,0.5
42151,0.5
42152,0.5
42153,0.5
42154,0.5
42161,0.6136865895148615
42162,2.7093079920619685
42163,1.5515243577506421
42164,0.5
42211,1.7175878370532378
42212,3.066269728644319
42213,1.824070218922972
42214,0.243572717027025
42221,0.615360017160715
42222,0.485
42223,2.6277622372072886
42224,0.5
42231,2.2627534475877886
42232,1.862613456478376
42233,3.5183918797054354
42234,0.5
42241,1.4379068118271383
42242,0.5
42243,1.1210095952660715
42244,0.5
42251,2.7333314701794205
42252,0.185
42253,0.5
42254,0.8837757389397194
42261,2.840863210133043
42262,1.3764860418569165
42263,1.793043203596914
42264,1.4786070731050127
42311,2.701384055555316
42312,1.4873220124469624
42313,3.9635710321751425
42314,2.040465549155897
42321,1.0376654875959925
42322,2.1155216224862534
42323,1.2428367852613833
42324,0.5
42331,2.0952486004855517
42332,0.25316405
42333,1.396178479026157
42334,3.7134645582688752
42341,0.8682228640518871
42342,0.189993755
42343,-0.008329718253598406
42344,0.5
42351,1.7049796205138155
42352,-0.274822214100794
42353,0.5
42354,0.5
42361,0.5101540835061107
42362,1.7395542935389186
42363,2.5327996249808615
42364,1.1981411399966737
43111,1.1824697200481817
43112,2.401896497757216
43113,1.2437982778711514
43114,1.3196804533183637
43121,1.3348803015142825
43122,0.5
43123,0.56195
43124,0.5
43131,1.2567779769868543
43132,1.9198182044049394
43133,1.1735622634072054
43134,1.0149928888244715
43141,0.5
43142,0.5
43143,0.5
43144,0.5
43151,0.13240984685000007
43152,3.4942907019783176
43153,0.7563365
43154,1.0434167801654681
43161,0.9772657055840908
43162,1.4010410253897372
43163,1.7045973904558547
43164,2.5046872818677395
43211,1.7524116535552305
43212,0.730166302677957
43213,1.898903568838822
43214,3.773794811411032
43221,2.155951670292866
43222,2.0687740067923643
43223,3.4933475931473077
43224,3.9390399636500124
43231,2.0229585323813746
43232,2.887372470834025
43233,2.985144202791545
43234,2.3720103153724423
43241,1.2396245548523153
43242,0.7420952407682175
43243,1.4630021610974506
43244,2.083049386908277
43251,2.5498583548027294
43252,0.882720481243068
43253,2.0302114764310506
43254,3.1334751770286444
43261,2.258480697093782
43262,1.9599410587123567
43263,1.845126972744243
43264,1.958623491842025
43311,3.0127774847555706
43312,1.6436510277459724
43313,5.672299080464457
43314,2.16020284764879
43321,1.4230947685875361
43322,0.759467074627851
43323,4.367924946079592
43324,2.1633728851676732
43331,2.562906921544521
43332,2.6601718760539543
43333,2.8976407281256686
43334,2.7014642020267443
43341,1.5175310012517491
43342,0.5
43343,0.5
43344,0.5
43351,0.3563980660703497
43352,0.40314440036919463
43353,0.5699290500778658
43354,1.6345193674583025
43361,1.476604188319676
43362,2.2586062381779386
43363,3.368751423432395
43364,3.5512750679498217
44111,0.7171059280853203
44112,1.9563094028219008
44113,0.485
44114,0.594492972347838
44121,-0.11499999999999988
44122,0.185
44123,0.8813596818457616
44124,0.5
44131,0.90601805
44132,1.722472205842142
44133,0.9480272274880712
44134,0.9035285227240515
44141,0.185
44142,0.4563365
44143,0.4563365
44144,0.4614499999999999
44151,0.5
44152,0.5
44153,0.5
44154,0.5
44161,1.6884916706560933
44162,2.107337991553975
44163,1.22707696835
44164,2.636702116423085
44211,1.454108981574668
44212,2.0421039381466204
44213,2.711000452819219
44214,2.510914102761264
44221,1.220056508007909
44222,1.8956838436325258
44223,3.4822315382438194
44224,3.086957266624476
44231,2.239091254031353
44232,3.3371490345881196
44233,2.5559284419348165
44234,1.89832951096179
44241,0.185
44242,2.15130845596266
44243,0.56195
44244,0.40854345071579545
44251,0.3812894059693511
44252,3.6851491734727073
44253,0.5
44254,2.518721138469865
44261,0.8569409147104197
44262,1.4995191361039681
44263,1.190820325475742
44264,1.8107433558388637
44311,3.045910878763718
44312,1.1607881250744636
44313,0.5953846653430901
44314,2.6653967438357333
44321,1.458418824551752
44322,1.1726182579090179
44323,1.022684071795775
44324,4.170388787192814
44331,0.9228886422983573
44332,1.7230791446998068
44333,2.581104990026564
44334,0.40771830499999984
44341,0.8584212553579559
44342,-0.12550000000000006
44343,-0.15735359500000007
44344,0.4563365
44351,0.15847262010347937
44352,1.613882446801512
44353,0.2917709976951657
44354,0.5
44361,2.917576037413754
44362,2.3698039874328076
44363,-0.11499999999999988
44364,1.4189793633350025
51111,0.7346927504497262
51112,1.099202796552256
51113,0.5
51114,0.485
51121,0.5
51122,0.5
51123,1.7140717966857406
51124,0.5
51131,0.485
51132,1.6908732283807726
51133,0.5
51134,2.1440663316824566
51141,0.5
51142,0.5
51143,0.5
51144,0.5
51151,0.5
51152,0.5
51153,0.5
51154,0.5
51161,0.5
51162,0.800287164168872
51163,1.4311103835373755
51164,0.5
51211,2.5984403945292356
51212,0.6149316892895
51213,1.934193463084818
51214,0.8433218819768806
51221,0.485
51222,0.485
51223,0.5
51224,0.5
51231,1.3534659102771887
51232,0.5
51233,1.6330972882055983
51234,0.5
51241,0.5
51242,0.5
51243,0.5
51244,0.5
51251,0.4745
51252,1.4024259728513795
51253,0.185
51254,0.55217819
51261,0.485
51262,1.1176208467649273
51263,0.5
51264,0.7849999999999999
51311,1.0343976306979323
51312,0.5
51313,0.5
51314,0.5
51321,0.5
51322,0.5
51323,0.5
51324,0.5
51331,0.9362182320306178
51332,0.5
51333,0.5
51334,0.5
51341,0.5
51342,0.5
51343,0.5
51344,0.5
51351,0.5
51352,0.5
51353,0.5
51354,0.5
51361,0.5
51362,0.5
51363,0.5
51364,1.5575518812049964
52111,0.9282160376759079
52112,0.7357500048720712
52113,1.9797884430218182
52114,1.286492109794079
52121,0.5
52122,0.5
52123,0.5
52124,0.5
52131,0.7548809821156487
52132,2.352918559961745
52133,2.08459373082619
52134,2.0201995385904454
52141,0.48659506904274
52142,0.5
52143,0.5
52144,0.5
52151,0.5
52152,0.5
52153,0.5
52154,0.5
52161,1.1291097049999999
52162,1.7862363409543538
52163,0.5
52164,0.5
52211,3.066537862691075
52212,2.1884308077929084
52213,2.8939764150862404
52214,3.8316920232408584
52221,0.5
52222,2.7739955974138946
52223,1.0232818799708363
52224,1.6731602579819036
52231,3.545654425851473
52232,2.94053434727638
52233,2.175028943216674
52234,3.072452071074854
52241,0.7203958170727897
52242,0.5
52243,0.5
52244,2.0259487866534776
52251,0.880118060474793
52252,1.9769471812582198
52253,2.6839670463449914
52254,0.5
52261,3.4174626225124176
52262,2.4117613025394196
52263,1.1495126194546765
52264,1.7519428722214538
52311,0.485
52312,2.2486184885442326
52313,0.5
52314,0.5
52321,1.2695752597932723
52322,0.5
52323,0.5
52324,0.5
52331,2.4095103709690306
52332,0.8954070695733052
52333,1.1306133148826052
52334,1.3534659102771887
52341,2.206833793645842
52342,0.5
52343,0.5
52344,0.5
52351,0.5
52352,0.5
52353,0.5
52354,0.5
52361,1.5472243055836192
52362,1.1523252817534924
52363,0.5
52364,0.5
53111,2.769061695415609
53112,0.7199970913845218
53113,1.7944013360369047
53114,1.5290809448362546
53121,1.085
53122,0.5
53123,0.5
53124,0.5
53131,2.5017754365534666
53132,0.5
53133,0.5
53134,1.5876108348709996
53141,0.5
53142,0.7694023446949999
53143,0.5
53144,0.5
53151,0.5
53152,0.5
53153,0.5
53154,0.5
53161,2.462082738628948
53162,0.5
53163,0.5
53164,0.6768222289580343
53211,3.2276079009992995
53212,3.274323132056777
53213,2.8905122485323744
53214,4.041799382876606
53221,2.4802400000184175
53222,1.2951897296709223
53223,3.2021718127387873
53224,2.649172077911754
53231,3.738988054300794
53232,3.650813366322904
53233,4.0268426241810715
53234,3.636256982224977
53241,0.19696226301269476
53242,1.054724227012581
53243,1.554576287489438
53244,0.31278834485259516
53251,1.2371651234691095
53252,3.106013115262631
53253,1.4625949542257504
53254,0.603717394357115
53261,1.978887604499341
53262,2.5027748073631866
53263,2.871917581291815
53264,3.4157089821659192
53311,0.6064122830500356
53312,2.01711050842463
53313,0.7461329322977649
53314,3.2764782469692895
53321,2.020026183604834
53322,0.485
53323,1.9888953700771443
53324,0.5
53331,1.7734059008936192
53332,2.66080256249407
53333,0.5
53334,3.1609973982891706
53341,3.052046181800203
53342,0.5
53343,1.2295933683190472
53344,0.5
53351,0.757084832497452
53352,0.5
53353,0.5
53354,0.5
53361,0.6880198700117502
53362,0.5
53363,2.8185550561696733
53364,0.9570124893858166
54111,1.9104886287152054
54112,1.0242336234226626
54113,0.5
54114,0.7100686641252683
54121,1.7187844321694103
54122,0.5
54123,0.5
54124,0.5
54131,2.1540641473348443
54132,0.5
54133,1.003389245594767
54134,1.7060850863805743
54141,0.5
54142,0.5
54143,0.5
54144,0.5
54151,0.5
54152,0.5
54153,0.5
54154,0.5
54161,1.1763222289580344
54162,0.5
54163,0.5
54164,1.3237133134999999
54211,2.4458867548125873
54212,3.8847556605676816
54213,3.380480475085974
54214,3.7878130387708344
54221,2.911460200483168
54222,0.5
54223,0.828150496195059
54224,1.2757206203509162
54231,3.8585913883038536
54232,3.5713675944049106
54233,4.424799019237339
54234,3.943194718750734
54241,0.9546119527684878
54242,0.5
54243,0.650145585866811
54244,0.5
54251,0.99309224
54252,2.1233200151851697
54253,0.5
54254,0.5
54261,2.845928307576518
54262,2.3250790941062576
54263,2.6041637856036735
54264,0.5
54311,1.9328822688490608
54312,1.1339348074615678
54313,0.5
54314,1.2247992931148382
54321,1.2173292809000977
54322,0.5
54323,0.5
54324,0.5
54331,0.485
54332,2.0714545315086035
54333,0.4247521214114318
54334,0.185
54341,0.5
54342,1.6653197967543925
54343,0.5
54344,0.5
54351,0.5
54352,0.5
54353,0.5
54354,0.5
54361,2.2421448648346143
54362,0.5
54363,0.5
54364,0.5
61111,0.485
61112,0.32509396500469856
61113,2.211342000176367
61114,0.5
61121,-0.11499999999999988
61122,0.5
61123,0.5
61124,0.5
61131,1.15603357071488
61132,0.5
61133,0.5
61134,0.5
61141,0.5
61142,0.5
61143,0.5
61144,0.5
61151,0.5
61152,0.5
61153,0.5
61154,0.5
61161,0.185
61162,0.5
61163,0.5
61164,0.5
61211,0.8986804067036815
61212,2.088974664455718
61213,0.7811940716039341
61214,1.0376027812408886
61221,0.7849999999999999
61222,0.5
61223,0.5
61224,0.5
61231,0.185
61232,0.485
61233,0.9754348195369245
61234,1.9012891207661247
61241,0.5
61242,0.5
61243,0.5
61244,0.5
61251,0.5
61252,0.6087684347338824
61253,1.6373751408278585
61254,0.5
61261,0.485
61262,0.8450914999999999
61263,0.5
61264,2.275684343648334
61311,1.2411848835390655
61312,0.5
61313,0.5
61314,0.6356156087418404
61321,0.5
61322,0.5
61323,0.5
61324,0.5
61331,0.07580809177650188
61332,0.14817814222120118
61333,1.0911194053153461
61334,0.5
61341,0.5
61342,0.5
61343,0.5
61344,0.5
61351,0.485
61352,1.667472501036372
61353,0.5
61354,0.5
61361,-0.11499999999999988
61362,0.3762714312886815
61363,2.347570925733017
61364,0.5
62111,1.2757387596405776
62112,1.4241657859531662
62113,2.205282986675565
62114,1.6127569886136013
62121,-0.11499999999999988
62122,0.43166881080529995
62123,1.0738290258053
62124,0.5
62131,1.480641767906468
62132,2.6310931895783725
62133,0.485
62134,0.7169598742954315
62141,2.50745
62142,0.5
62143,0.5
62144,0.5
62151,1.2282760726645927
62152,0.5
62153,0.5
62154,0.5
62161,2.2866381773052558
62162,0.4495557871896152
62163,0.5
62164,0.491645692353005
62211,2.0760520823100874
62212,1.9725613392008863
62213,4.037016762148162
62214,1.4247501474055215
62221,0.485
62222,2.2461709138775614
62223,0.5
62224,0.752531368752406
62231,1.0709748200894273
62232,2.0451107132666198
62233,2.2455789329852873
62234,3.0852468248027454
62241,0.47045
62242,0.26045
62243,0.47045
62244,1.2275302717381904
62251,0.485
62252,2.803072971710666
62253,0.5
62254,0.5
62261,1.3285149608643279
62262,0.9518288678066139
62263,3.6522168258047647
62264,2.259061446166424
62311,2.1033348057167798
62312,0.8213295720802771
62313,1.5026512556199676
62314,3.1178609275509035
62321,0.16144999999999998
62322,0.7557973796425699
62323,0.5
62324,0.5
62331,1.5891292706642608
62332,0.04025643957605074
62333,0.7849999999999999
62334,0.5
62341,0.672515
62342,0.8239050499999998
62343,0.485
62344,0.5
62351,1.3656992192948125
62352,1.790969781627421
62353,3.214883405302005
62354,1.0336750334285871
62361,3.6492877807154738
62362,0.9303442505001562
62363,0.5
62364,0.5
63111,2.351178996964851
63112,0.5
63113,0.8936217269149999
63114,2.379465335059566
63121,1.8308983072289826
63122,0.17382902580529996
63123,0.9919399151367604
63124,2.6241075061260117
63131,0.485
63132,2.338737302919168
63133,2.056027989889181
63134,3.273213914027231
63141,0.485
63142,0.485
63143,0.5
63144,0.5
63151,0.5
63152,1.5229098027197516
63153,0.5
63154,2.1218881582213025
63161,0.36026198045994723
63162,0.333427486366934
63163,1.3097942475291904
63164,1.6883047273854608
63211,2.7170822177602068
63212,4.115349022821379
63213,3.6414941583310156
63214,2.9600533526832375
63221,2.5393868977966485
63222,1.7695242567406906
63223,0.9471068990309801
63224,4.253632051259233
63231,2.2397598338298383
63232,2.950841805414484
63233,2.7620045684884476
63234,3.3765879804481633
63241,0.8989067844818206
63242,1.2066617150894392
63243,0.4563365
63244,1.532904423732522
63251,0.5071667072674897
63252,2.1297768864971354
63253,0.056383791099473
63254,0.13860649999999997
63261,3.006202931855065
63262,3.0687174196132494
63263,2.9861784400504354
63264,2.0210346218730497
63311,2.367602550708458
63312,1.6818199456824552
63313,3.995965326869497
63314,0.9277188804564995
63321,0.4878204902316452
63322,0.26599790498711506
63323,1.9352989416864994
63324,0.5
63331,0.0871792543875134
63332,1.487902659068312
63333,-0.2604478434271406
63334,-0.015823829567918835
63341,0.3764662241669181
63342,-0.11499999999999988
63343,0.40851836717449996
63344,-0.07030315052430436
63351,2.563308282471883
63352,-0.10380923228498062
63353,1.0319890914527041
63354,0.7655519445997131
63361,4.0598527857288005
63362,1.7682176497420226
63363,2.3678169561800404
63364,0.8911104828942
64111,1.0570529903116177
64112,2.8938433190735076
64113,0.5
64114,0.9852443335551515
64121,-0.11499999999999988
64122,0.485
64123,1.973713020571776
64124,1.0601335707295991
64131,1.19479896624001
64132,2.3406679469246785
64133,1.1949617197799678
64134,1.0230902896223961
64141,0.47045
64142,0.47045
64143,0.485
64144,0.485
64151,0.485
64152,0.5
64153,0.5
64154,1.9700205351643145
64161,0.3909448834999999
64162,0.5
64163,0.485
64164,1.992871323045767
64211,1.889584441052426
64212,3.899976616033801
64213,2.120174848044403
64214,1.8654841988830724
64221,0.8607065550426392
64222,1.1169820509566049
64223,1.5577760490553878
64224,2.7548198592773208
64231,2.14996423751668
64232,2.510028684517958
64233,3.1386771684946577
64234,1.9310893660701416
64241,-0.4637985530792111
64242,0.006511302125731255
64243,0.5033740214912089
64244,0.5
64251,1.2442831644696568
64252,0.6594275261344453
64253,2.0666635936644635
64254,0.5
64261,1.120178730724406
64262,2.0554127130308344
64263,3.2547961566082533
64264,5.217726405786151
64311,2.3925637963799784
64312,0.5674624176995
64313,1.0017849751993813
64314,2.090447661009812
64321,0.8514312466740388
64322,1.483835880120644
64323,2.4644047676063274
64324,3.0506241408806205
64331,0.3202462296462747
64332,1.6337755752420229
64333,0.5599278352039373
64334,1.6317386802391811
64341,-0.04440849999999996
64342,0.5
64343,0.5
64344,0.5
64351,0.24153632859993102
64352,0.9991242512498639
64353,1.032675832588153
64354,0.5
64361,0.11808729221588588
64362,0.530084434807865
64363,4.31356956982064
64364,2.632508525283733
71111,0.46822449025641755
71112,1.0883561711517171
71113,0.5
71114,0.5
71121,0.210845885
71122,-0.11499999999999988
71123,0.5
71124,0.5
71131,1.1756375657411562
71132,0.9053021513003097
71133,0.5
71134,0.5
71141,0.6451624278500001
71142,0.5241938555195
71143,0.5241938555195
71144,0.5
71151,0.5
71152,0.5
71153,0.5
71154,0.5
71161,0.7849999999999999
71162,0.5
71163,0.5
71164,0.5
71211,0.4412828541701944
71212,0.636821069340014
71213,0.7843079786277509
71214,1.4856135270115034
71221,1.6614499999999999
71222,0.5
71223,0.5
71224,0.5
71231,-0.11499999999999988
71232,-0.11499999999999988
71233,-0.11499999999999988
71234,0.28899609689211714
71241,0.5
71242,0.5
71243,0.5
71244,0.5
71251,0.485
71252,0.7849999999999999
71253,0.5
71254,0.5
71261,0.7849999999999999
71262,0.5
71263,1.5537331224319952
71264,0.5
71311,0.185
71312,0.12557827637475993
71313,2.407775742743446
71314,0.5
71321,0.7026973226353107
71322,0.5
71323,0.5
71324,1.7272163695605294
71331,0.30546071896905524
71332,0.485
71333,0.5
71334,0.5
71341,-0.4149999999999999
71342,0.04026500000000002
71343,0.47045
71344,0.485
71351,-0.7149999999999999
71352,0.04816605939499996
71353,0.5
71354,0.5
71361,0.5
71362,0.7849999999999999
71363,2.4149497646434313
71364,0.5
72111,1.2623935666763804
72112,1.0883482518449354
72113,0.485
72114,2.2279768797471244
72121,0.07548864029848482
72122,0.19552050845000007
72123,1.4136731753637124
72124,0.10340532139233509
72131,1.034392784211808
72132,0.5357454821069203
72133,0.778656519725672
72134,1.6292437080108244
72141,-0.11499999999999988
72142,-0.11499999999999988
72143,0.7888629981305149
72144,0.47045
72151,-0.4149999999999999
72152,0.185
72153,2.052900216014984
72154,0.5
72161,0.185
72162,0.26195
72163,0.262595966543882
72164,1.8559373612872798
72211,1.8594100899468171
72212,1.0683131478725385
72213,3.7744280360612934
72214,0.9801027279717384
72221,1.1377696666219639
72222,0.5
72223,0.5
72224,1.9461729401222667
72231,1.6552128302839249
72232,1.2793924470435631
72233,0.5
72234,2.846747539332208
72241,-0.06390849999999992
72242,-0.11499999999999988
72243,0.47045
72244,0.47045
72251,0.485
72252,0.3687904842755878
72253,1.1243386700955442
72254,0.5
72261,1.897024777367432
72262,0.5
72263,1.17053965363136
72264,1.6867774647221285
72311,3.2094992120943253
72312,0.7615620635604993
72313,3.7375568096061564
72314,0.5
72321,3.0227860159049675
72322,0.6265352983393764
72323,2.7126000404517336
72324,0.5
72331,0.8849123928309952
72332,0.7349147000001802
72333,4.026719196402385
72334,0.5
72341,1.3453584523311852
72342,0.6093465286895
72343,3.5414587515014215
72344,1.8010736062471677
72351,0.185
72352,-0.865923890988535
72353,1.1164599593
72354,1.745388980074308
72361,2.7798340100104113
72362,0.8348042274883287
72363,4.234043110443928
72364,5.96784853488562
73111,0.5377402323021223
73112,0.6006283348569805
73113,2.9728065643928145
73114,1.669178140477976
73121,0.1416137408675949
73122,0.4256476019877204
73123,0.29777393492898857
73124,2.635416955982367
73131,0.4826949168365888
73132,0.7829436817629272
73133,0.6673385441757309
73134,2.739832421470619
73141,0.4194073096105123
73142,0.5806317735270213
73143,0.9322075500977715
73144,0.5144824722995
73151,0.054500000000000104
73152,0.11895983535635152
73153,-0.11499999999999988
73154,2.159969838970561
73161,0.6671510997852741
73162,0.9967654855716578
73163,1.3157655661042897
73164,2.4329650641670426
73211,1.5845971679868047
73212,2.102714125180589
73213,3.577061368685675
73214,3.553288622684813
73221,0.796601656071225
73222,4.00001657381857
73223,1.2591444850752755
73224,1.048409423702721
73231,3.3863180075870067
73232,1.4135532180659627
73233,2.3009622435492374
73234,2.7022898203658374
73241,1.3805976203284902
73242,0.5
73243,0.5
73244,0.5
73251,1.5412408371073216
73252,0.5
73253,0.5
73254,1.039525814037762
73261,0.872574849905994
73262,1.6873453790752193
73263,1.0824554706841667
73264,2.697969223499118
73311,3.635563245610604
73312,3.942252411138812
73313,5.089144346519379
73314,3.847265047427151
73321,1.7473157433525937
73322,2.4570841273921418
73323,3.5827828408269564
73324,4.776434887996527
73331,2.510794542751179
73332,2.8944749549733513
73333,3.7266654342868675
73334,3.6636908354870896
73341,3.0897065919436293
73342,1.102475370667011
73343,2.4456997502982856
73344,2.044685575306969
73351,0.8299120933235042
73352,0.43411671064114443
73353,4.135142817364521
73354,1.590615209512948
73361,4.003531497258402
73362,3.2862550676873203
73363,3.71451117065085
73364,4.664485645036274
74111,1.2818650368867863
74112,1.3444736757259546
74113,2.2831883438479954
74114,2.8592982165671943
74121,0.7693956163944
74122,3.3176226173532646
74123,0.185
74124,0.43849516876286565
74131,0.6930747332842082
74132,0.7531661516229096
74133,2.2037291716941456
74134,1.0081674718386826
74141,0.5
74142,0.5
74143,0.5
74144,0.5
74151,0.5876750999664826
74152,0.5
74153,0.8327783223787996
74154,0.3061946431731768
74161,0.4219375281919868
74162,2.1543517989146412
74163,0.5
74164,0.5
74211,1.994615762643337
74212,0.871982959637567
74213,2.4364016344305885
74214,2.8754568925911337
74221,0.5210946415997249
74222,0.5
74223,1.6881552323606186
74224,0.8167547007247205
74231,0.3711232848222533
74232,3.585700631821014
74233,1.586325092393102
74234,0.7951528916986208
74241,0.485
74242,0.5
74243,0.5
74244,0.5
74251,0.10972550000000003
74252,-0.11499999999999988
74253,2.0276658615802305
74254,1.4781094822533352
74261,0.17045
74262,1.0923387956216775
74263,1.4217138836577181
74264,1.0891040595079264
74311,2.279991549690229
74312,3.3959830873010968
74313,5.365524493994435
74314,3.028673544390342
74321,1.1739450344227613
74322,2.831428959219855
74323,2.676509071193661
74324,3.827824504890561
74331,2.7568016268049353
74332,1.787303673646842
74333,3.970594350242834
74334,4.794816793105114
74341,-0.11499999999999988
74342,0.185
74343,0.185
74344,0.5
74351,0.3906262537467915
74352,1.0164817692160835
74353,0.24363649999999998
74354,2.9771207148843013
74361,2.3185584302500213
74362,2.044108494016451
74363,5.25359122137742
74364,3.0290200259460662
81111,1.6179631485934762
81112,0.7239457695697534
81113,0.5
81114,0.5
81121,0.485
81122,0.5
81123,0.5
81124,0.5
81131,1.2866000348903301
81132,0.5
81133,0.5
81134,0.5
81141,0.5
81142,0.5
81143,0.5
81144,0.5
81151,0.5
81152,0.5
81153,0.5
81154,0.5
81161,0.185
81162,0.5
81163,0.5
81164,0.2057915547673893
81211,0.8482566677948084
81212,0.5
81213,0.5
81214,0.32437117180191977
81221,0.185
81222,-0.6309562504806463
81223,0.02793981303464288
81224,1.6022060680571104
81231,-0.3707938058343553
81232,-0.01727349999999994
81233,1.0161895251922952
81234,0.5
81241,0.5
81242,0.5
81243,0.5
81244,0.5
81251,0.5
81252,0.5
81253,0.5
81254,0.5
81261,0.5
81262,0.5
81263,0.32082400229614993
81264,0.5
81311,1.3722659988998747
81312,2.7803838763178916
81313,0.5
81314,1.0867740491647246
81321,0.9844999999999999
81322,0.5
81323,0.5
81324,0.5
81331,0.185
81332,0.7849999999999999
81333,0.5
81334,0.5
81341,0.27190752035
81342,0.5
81343,0.5
81344,0.5
81351,0.022024550000000004
81352,0.485
81353,0.4252273947248751
81354,0.5
81361,0.24699375499999998
81362,0.5578832081337244
81363,0.5
81364,0.5
82111,2.6533274053581177
82112,1.1590641443774552
82113,1.2739027163977847
82114,2.0061660694774597
82121,1.5706578833470277
82122,0.5
82123,0.5
82124,0.5
82131,2.1318689480290227
82132,1.2822993324778529
82133,0.6960758362740186
82134,1.4165114764827549
82141,0.5
82142,0.5
82143,0.5
82144,0.5
82151,1.0932359725766132
82152,0.5
82153,1.6866439290887145
82154,0.5
82161,0.6230921852675132
82162,1.0614499999999998
82163,0.7849999999999999
82164,2.5592387941897754
82211,1.2314717795071648
82212,1.0948377347163603
82213,3.1186124967281956
82214,2.8610814603544097
82221,0.01493168928949995
82222,0.434226787033773
82223,0.8813902383292649
82224,2.514000250939655
82231,1.6868674499687535
82232,0.8254944710553802
82233,3.5289104845186583
82234,1.6438933581198467
82241,1.385
82242,0.5
82243,0.5
82244,0.5
82251,0.5
82252,0.9535205
82253,0.5
82254,2.6319054811842895
82261,-0.11499999999999988
82262,2.9090370967193993
82263,1.8386894276285115
82264,0.485
82311,3.2633142166680056
82312,2.594483258049447
82313,2.7851366003609597
82314,2.2305793923890427
82321,1.2246597431960458
82322,0.5
82323,0.5
82324,0.5
82331,3.568716038671936
82332,1.2564660896909605
82333,0.5
82334,1.3761779903787612
82341,0.928094750566224
82342,0.5
82343,0.5
82344,0.5
82351,0.25559149999999997
82352,1.0614499999999998
82353,0.185
82354,0.5
82361,2.980375547517736
82362,1.5933242726849557
82363,1.3703884149639651
82364,1.4172443778506874
83111,3.1531414643017293
83112,2.5106177693893827
83113,2.2694751869541165
83114,2.228571062416697
83121,0.38449999999999995
83122,0.8182952052288259
83123,1.5671481400708034
83124,2.9701749839599105
83131,1.2521219000997978
83132,1.732511918032647
83133,3.231857327630012
83134,1.5163903468191062
83141,0.2531162189345
83142,0.5
83143,0.5
83144,-0.019274052000157305
83151,1.5176946200713062
83152,0.4618694009133044
83153,0.06801500000000005
83154,1.2331918565220514
83161,0.9567625443124497
83162,2.275315404599059
83163,0.5
83164,0.5689723638499999
83211,3.032027853631138
83212,2.225675000455542
83213,2.1163850971656553
83214,2.108605661257093
83221,0.22945725045176288
83222,1.1440356207249571
83223,0.42421507710710904
83224,1.8990995726082724
83231,2.0027012621744795
83232,3.3725008195969597
83233,2.163685045447689
83234,0.8107898735
83241,-0.12550000000000006
83242,-0.13285000000000008
83243,0.7592355976221483
83244,1.2075051977633946
83251,-0.11499999999999988
83252,0.65837519
83253,1.524702689424251
83254,0.6535205
83261,1.2180268124543387
83262,3.4505583649336242
83263,0.22385914736497553
83264,1.261678843101247
83311,2.4334507841605233
83312,1.7361030468448577
83313,3.8171102140426196
83314,3.7325431661960566
83321,1.0888115433220533
83322,0.5
83323,0.6895539581811698
83324,1.417542849266728
83331,3.613461533350072
83332,2.0613495383440528
83333,3.090753973942875
83334,2.612840107728728
83341,2.972600016314485
83342,0.5
83343,0.9003275753663873
83344,-0.2086202949999999
83351,1.8612804224521453
83352,-0.2689682396340164
83353,0.8710092253873258
83354,0.34182838147886857
83361,1.372920792594274
83362,1.4417306855952225
83363,5.08509949910046
83364,1.043393509366329
84111,0.9708656428043214
84112,1.7967958576380225
84113,1.3549674215665388
84114,1.2135420208287635
84121,0.47045
84122,0.23375718199999984
84123,0.485
84124,0.24618819528268843
84131,0.9430500813581162
84132,1.551258450206862
84133,1.1039639066506115
84134,1.2204526780822238
84141,0.47045
84142,0.485
84143,0.485
84144,0.47045
84151,-0.3444085
84152,0.3161
84153,0.4563365
84154,0.17045
84161,0.185
84162,2.539429826910724
84163,0.5
84164,0.9704412474099361
84211,1.864282341429967
84212,2.0018346022116607
84213,2.593804340529834
84214,1.196803535699929
84221,0.6540495336607873
84222,0.5
84223,0.5
84224,1.7005147999463897
84231,3.1464966619051133
84232,1.6580553107201774
84233,1.8109796394631297
84234,1.0716495989496888
84241,1.0044253345003407
84242,0.5
84243,0.5
84244,0.5
84251,0.5
84252,1.7473349030797838
84253,0.5
84254,0.9763450743091622
84261,0.185
84262,2.849616876204094
84263,0.5
84264,1.0379611234568755
84311,3.087554769572239
84312,0.9907161769427004
84313,2.0967405868589766
84314,2.065402514070239
84321,1.2173292809000977
84322,0.13273656930201655
84323,0.5
84324,0.5
84331,2.556448037965112
84332,0.5
84333,1.8074316472818572
84334,1.3606161049236958
84341,-0.378120295
84342,0.5
84343,0.5
84344,0.5
84351,1.3897310915736114
84352,0.5
84353,0.5
84354,0.5
84361,1.500864227693186
84362,1.200652859756087
84363,1.76488709980318
84364,3.8771386960805865
91111,0.5
91112,0.35489618889473823
91113,1.899065451390455
91114,0.922117941111959
91121,0.485
91122,0.5
91123,0.5
91124,0.5
91131,0.37760889955037125
91132,1.5735679989641476
91133,0.5
91134,0.5
91141,0.5
91142,0.5
91143,0.5
91144,0.5
91151,0.5
91152,0.5
91153,0.5
91154,0.5
91161,0.185
91162,0.8527858308499999
91163,0.5
91164,0.5
91211,0.6829547615466948
91212,0.8519898809737017
91213,1.678483148636637
91214,0.5
91221,0.5
91222,0.5
91223,0.5
91224,0.5
91231,0.08313134558034568
91232,1.2962098956939476
91233,2.7682732404042576
91234,0.5
91241,0.5
91242,0.5
91243,0.5
91244,0.5
91251,0.5
91252,0.5
91253,0.5
91254,0.5
91261,0.6948046610908517
91262,1.5399434883888197
91263,0.5
91264,0.5
91311,0.2645
91312,0.185
91313,2.479298319448413
91314,0.5
91321,0.5
91322,0.5
91323,0.5
91324,0.5
91331,0.185
91332,0.2960218663865001
91333,2.523400606236038
91334,0.5
91341,0.5
91342,0.5
91343,0.5
91344,-0.4149999999999999
91351,0.5
91352,0.5
91353,0.5
91354,0.5
91361,-0.01727349999999994
91362,0.41345743181682654
91363,2.0741031411470874
91364,1.218016107229052
92111,1.083122688226649
92112,1.2624398615110175
92113,4.521430925977158
92114,1.0115179634388567
92121,0.8078590880051286
92122,1.5073823567117164
92123,1.2074435929706582
92124,3.3037242953149453
92131,0.2916680373845
92132,2.322527127454622
92133,0.9294825114662271
92134,0.5
92141,2.326930840515586
92142,0.5
92143,0.5
92144,0.5
92151,0.485
92152,0.5622377811338125
92153,0.5
92154,0.5
92161,1.2511004401857764
92162,-0.18407729700708864
92163,1.540338301880201
92164,2.3262423710584303
92211,1.70586606050307
92212,2.278335871625925
92213,2.4167619956648285
92214,4.283008459106253
92221,1.2442858681785522
92222,0.485
92223,0.5
92224,2.374352927073782
92231,2.2344891025615543
92232,-0.2089845383136838
92233,1.845284336995379
92234,4.258617324014591
92241,0.5
92242,0.5
92243,2.179870465258521
92244,0.5
92251,-0.015011363182390047
92252,-0.4149999999999999
92253,1.9688783944711032
92254,0.580451153028973
92261,1.1017112124528357
92262,0.185
92263,3.8518430831345256
92264,1.8266231368635528
92311,1.3013916483914332
92312,0.7493848158678684
92313,2.849493782570698
92314,1.0735424966848834
92321,0.5
92322,0.4445000000000001
92323,1.1182730975136943
92324,0.7849999999999999
92331,2.5653301935267927
92332,1.3615289925550096
92333,0.7208181636837303
92334,1.4485242201829882
92341,1.385
92342,1.0239500000000001
92343,0.5
92344,0.5
92351,1.6677650973819969
92352,0.43452050000000003
92353,0.5
92354,0.7849999999999999
92361,0.5
92362,1.198176119973248
92363,2.091917977382693
92364,1.3417864473127084
93111,2.0072381409919946
93112,3.5343629047414895
93113,5.381484240649632
93114,4.04387732537723
93121,1.7992778443236115
93122,1.2332887769090668
93123,4.158053432746291
93124,1.7688312199895422
93131,1.0057908412473298
93132,1.5344094016971768
93133,2.865378869470142
93134,4.802767952596242
93141,0.16144999999999998
93142,0.21670738848458326
93143,0.486674705
93144,0.782565585742115
93151,0.5
93152,1.267657652969167
93153,3.8950530029993193
93154,3.8617242062173673
93161,1.4943864051052747
93162,1.9677659447359432
93163,5.617337957692026
93164,1.4613072116226955
93211,2.7022354356412803
93212,1.625615935129801
93213,3.541030007952415
93214,3.143548300830251
93221,1.7285922460327747
93222,1.8143198330693462
93223,2.1766057460409125
93224,2.163332304182086
93231,3.9900654619762763
93232,2.3516674095027064
93233,2.7953937049600293
93234,3.381613473743564
93241,1.913453962168933
93242,1.9091053559999822
93243,2.7187333868013015
93244,2.6488157595303545
93251,1.0109729237935228
93252,0.7088974730235371
93253,3.2142702385882993
93254,2.1356542680733748
93261,0.8830591416382956
93262,1.1791022348512872
93263,3.713856022827474
93264,3.3495444024929535
93311,2.277018391019907
93312,1.3205082831468713
93313,2.8225131317730954
93314,2.2087765763816427
93321,0.5879923931223685
93322,0.26195
93323,0.655730016227315
93324,2.6160792506610875
93331,2.7166234172000228
93332,0.38826198571185994
93333,1.6597683036956266
93334,2.2042150151283977
93341,1.6924415567398539
93342,0.5
93343,0.5
93344,0.9762576183000191
93351,3.946899369832129
93352,0.86195
93353,0.7849999999999999
93354,1.5295141161642365
93361,3.0839078773617934
93362,1.0037389747269556
93363,1.5143270697317215
93364,3.218494179279344
94111,1.721513969860483
94112,1.751815937716017
94113,2.205927833067533
94114,1.1451005149282338
94121,0.7263075881461668
94122,2.3804885691642874
94123,0.40276869206132154
94124,0.6735506061908543
94131,1.5881461341618974
94132,1.256509806369356
94133,1.4982715537155717
94134,2.579725856002349
94141,1.1539402565717478
94142,0.5531162189344999
94143,0.55939816385
94144,0.55939816385
94151,0.22078051899500006
94152,0.5392381745063797
94153,1.2466641092965518
94154,3.1224705375962802
94161,-0.5941332293499999
94162,0.785358252658956
94163,2.189495018890044
94164,-0.07279942072626736
94211,2.8971415867300414
94212,2.788097946990144
94213,3.0914693878139303
94214,3.3457232190771715
94221,0.6130639875686523
94222,0.6473557403583001
94223,0.6264266149963981
94224,1.7564473227724462
94231,2.695631274116954
94232,3.745177370902363
94233,2.927897621492471
94234,3.1534739539899252
94241,2.5832518177783177
94242,0.8906916101205951
94243,1.2777367397394852
94244,0.5
94251,0.9522336412960792
94252,-0.0496896719831173
94253,3.9279891465442534
94254,2.458549549378044
94261,2.310187620935729
94262,2.671014457020626
94263,3.8288277368496737
94264,5.470029133485622
94311,2.5028472406258166
94312,2.994462693273052
94313,2.57664406535259
94314,2.267003414818335
94321,-0.11499999999999988
94322,0.3384780878717185
94323,1.6352006124976923
94324,0.5
94331,2.865970686449956
94332,1.3604633069831502
94333,2.460949231007788
94334,1.5500477153590906
94341,2.1024933842748483
94342,0.9062349045276583
94343,0.5
94344,1.009372526891891
94351,0.4073815287109701
94352,1.484134099760932
94353,1.7251367324569442
94354,2.5388544567882043
94361,0.5
94362,2.462222339535498
94363,5.2537357240936835
94364,3.3698970940385538
