11111,-0.46700089952351154
11112,-1.1452542122819769
11113,-2.1559442405147817
11114,-2.792320819749756
11121,-0.16950266469355252
11122,-2.15808
11123,-1.6603466012416719
11124,-1.7523377498753803
11131,-1.927776994898303
11132,-5.1422099501469996
11133,-1.9337953942839972
11134,-0.6978755096817736
11141,0.624
11142,0.5
11143,0.5
11144,0.5
11151,0.34863204008933535
11152,-0.2674395601367229
11153,-0.48143317652021483
11154,-0.72
11161,-3.3560324072469743
11162,-1.5955976182646965
11163,-0.8634797894654109
11164,-1.9983999353913737
11211,-2.481075428565915
11212,-3.610650085172068
11213,-1.546160056624529
11214,-2.92430097751439
11221,-2.795158628393118
11222,-2.997326246357943
11223,-1.6349057781124678
11224,-3.213407506458422
11231,0.03375801670441772
11232,-1.6025213424639386
11233,-1.8436043731482874
11234,-2.377009783727815
11241,0.06836548483126884
11242,-2.1022691246103196
11243,-0.2245192165672879
11244,-1.131461522426997
11251,-1.2678133888005831
11252,-0.7858631038838781
11253,-0.010197432040734589
11254,-1.1232000000000002
11261,-2.5821573463949896
11262,-1.4132827568056168
11263,-1.2058207842535924
11264,-1.7412497534387863
11311,-1.9603685872287235
11312,-2.0272068484428596
11313,-2.307568372098986
11314,-0.8622204380958278
11321,-3.2732
11322,-1.7295742365840385
11323,-2.1173312573833956
11324,-0.8983799013319732
11331,-3.242157077556101
11332,-1.5671032759452668
11333,-2.5989954170986214
11334,-0.7455094990996903
11341,-0.13369600000000015
11342,0.6575940877857652
11343,0.48
11344,-1.6103681919999997
11351,-0.6594117727752113
11352,-0.6727081119212284
11353,-0.72
11354,-0.7210359489527755
11361,-3.4565784139650635
11362,-1.280191713302468
11363,-2.2276226085956745
11364,-0.27967384615228696
12111,-1.624475844118388
12112,-2.156304728031027
12113,-1.0131716077189619
12114,-1.2003024692607716
12121,-1.937009670772714
12122,-0.07691044232946273
12123,-20.65560729481899
12124,-4.75990752847552
12131,-0.2831362847403034
12132,-9.674184266869334
12133,-1.8842790299193815
12134,-0.3244000206598665
12141,0.09983999999999998
12142,0.30085765915112656
12143,0.5
12144,0.5
12151,-0.21942938206208007
12152,0.25071572500256345
12153,0.27999999999999997
12154,0.6876101885358652
12161,-0.805915263224156
12162,-0.23783865261389242
12163,0.6602727495004796
12164,1.22915788872135
12211,-0.4951847014238857
12212,-4.024848196973069
12213,-2.0580034922017583
12214,-1.7884358607851387
12221,-0.9980410070711981
12222,-4.853747100225108
12223,-2.850480107233301
12224,-3.3590992271785334
12231,-1.2157819617698085
12232,-2.492188060310589
12233,-4.455040866362454
12234,-2.725808329157398
12241,-0.9010020490250659
12242,-0.52
12243,-1.0544
12244,-2.50445093258017
12251,-0.7984523948566158
12252,-1.3333120000000003
12253,-0.853087169319781
12254,-1.2193862147372103
12261,1.0274901848732056
12262,-3.61408966967317
12263,-3.206997590212983
12264,-3.19737715823215
12311,-2.9940183611543776
12312,-3.119855215362906
12313,-2.2426605494819767
12314,-1.3597597420853162
12321,-3.9624677145991414
12322,-3.0128876886318987
12323,-2.8681463286391335
12324,-1.6211735136647958
12331,-2.1367882547635078
12332,-1.8508338465060574
12333,-2.7895364205209727
12334,-0.8484562672718294
12341,0.5137550711236913
12342,-0.16256000000000004
12343,-0.007680353532023343
12344,-1.3392000000000002
12351,-0.38053236354435727
12352,-0.3376172288442726
12353,-0.13716386898182395
12354,-3.086057800337477
12361,-1.5966107690188638
12362,-1.2879999999999998
12363,-1.2722564914867704
12364,-0.8534982190778309
13111,-1.0320019179220659
13112,-1.8180225700255483
13113,-2.478104859594843
13114,-2.8705433962169273
13121,-0.7472000000000001
13122,-0.18992780525811537
13123,-3.558
13124,-0.03245421617334848
13131,-1.582366198546118
13132,-1.1113176776594795
13133,-1.5425962924846737
13134,-1.9318607982297753
13141,0.8276277656692361
13142,3.8042059942621473
13143,0.4086729590819436
13144,0.5
13151,-0.050000000000000044
13152,0.6680939824232537
13153,0.45
13154,0.45
13161,-0.3880000000000001
13162,-2.1507006133151916
13163,-1.1520499259566215
13164,0.16472182749527936
13211,-3.959707076462318
13212,-2.3114512325062546
13213,-0.4590335695312041
13214,-2.097579639872055
13221,-0.7706710265948571
13222,-2.6043925223720827
13223,-2.5406998784963237
13224,-2.9110408214068464
13231,-2.1083246635037742
13232,-2.235732603061139
13233,-1.8535784582266275
13234,-0.10657448063302619
13241,-0.5730000000000002
13242,0.4171675201617976
13243,0.6117815629761443
13244,0.5
13251,-0.15143136992333028
13252,-2.525751201131121
13253,1.4573645799134383
13254,0.5
13261,0.7228287399165947
13262,-2.7452826835740267
13263,-2.2855211850737684
13264,-2.0919339796987737
13311,-1.645418239342402
13312,-4.449528103592705
13313,-2.437041574364367
13314,-3.3532264935034655
13321,-1.5831171119887275
13322,-3.5455428066410204
13323,-3.4015986563461853
13324,-2.799316019647118
13331,-0.9942475155667226
13332,-3.1213256385085737
13333,-2.525991563332358
13334,-2.7674894850962506
13341,-0.30060153831424
13342,-0.9000944182078667
13343,-0.46528000000000014
13344,-3.193491173954069
13351,0.0352364570987288
13352,0.20242346594557703
13353,-0.9428013009271353
13354,-0.8368690591302679
13361,-1.0944384289622833
13362,-3.068
13363,-1.3630013296531154
13364,-2.2141338096826715
14111,-1.1912901586204827
14112,-1.4901455187625179
14113,-2.9179567811309766
14114,-0.6860239497098233
14121,-1.2698214483412549
14122,-4.379350470315153
14123,-1.2793808089593055
14124,-0.5782429900343187
14131,-1.0859650409907151
14132,-0.710166644183645
14133,-0.9500970225062423
14134,-1.0947233502421256
14141,0.45
14142,0.45
14143,0.45
14144,0.5
14151,-0.55
14152,1.4738009782534793
14153,0.5
14154,0.5
14161,-2.2207468828884425
14162,-1.1562127048652526
14163,-0.31678218682429726
14164,-1.8537870119673194
14211,-1.9890228306367137
14212,-1.0518782674772558
14213,0.01209684845598763
14214,-2.51610292330391
14221,-3.161212290456927
14222,-1.8511071407893749
14223,-0.7460737282093817
14224,-2.4828736875454487
14231,-1.4519757239354614
14232,-0.36772682325125633
14233,-0.9637159752207711
14234,-0.7007799890335378
14241,-0.1472000000000001
14242,-0.31999999999999995
14243,0.25165105948807687
14244,0.4608
14251,-0.8559999999999999
14252,-1.946155559250891
14253,-1.126910586955189
14254,-1.7172525114696873
14261,-1.0296680180527658
14262,-1.1769062713363383
14263,-1.755551625505344
14264,-1.346676231392671
14311,-2.836626010749505
14312,-2.426589693235164
14313,-0.35962975842307354
14314,-1.7534436775187348
14321,-1.5606062692857936
14322,-1.6907398911568992
14323,-0.8582824505583306
14324,-1.4279633220295773
14331,-3.633611958040111
14332,-1.5419002456714368
14333,-0.3131154163237192
14334,-3.686918704756567
14341,0.6995076625930684
14342,-1.5487153796057747
14343,-0.48718152237755796
14344,-0.05800000000000005
14351,-1.3123487463588963
14352,-2.2138465280000004
14353,-1.00602930747833
14354,-0.6623731312731082
14361,-1.282236603043662
14362,-0.8174088472733385
14363,-0.14557108253612994
14364,-1.2394317343772028
21111,-2.127172839107652
21112,-1.7231722177615998
21113,0.4759085064644858
21114,-3.3889909140609102
21121,-1.1820192170503405
21122,-0.009552347151127183
21123,-1.7303494405800721
21124,-7.503244717762476
21131,0.20199991464371453
21132,-0.8474178061968263
21133,-1.621600507331009
21134,-0.6911275381438289
21141,2.5576010213870095
21142,0.5
21143,0.5
21144,0.5
21151,0.27999999999999997
21152,-0.10862004296156769
21153,1.2569469441634153
21154,0.5
21161,-0.8541260970852871
21162,-0.5949558283331133
21163,0.5818044821479431
21164,-0.9869607722421457
21211,-1.3363149272334462
21212,-1.9558188345980616
21213,-0.1412111080150573
21214,-3.114821358573387
21221,-0.6889923296475542
21222,-4.815128195972909
21223,-2.172627019346039
21224,-2.5017878630722
21231,-0.81830439849553
21232,-1.4941741018659531
21233,-1.7617895157956887
21234,-1.7486577784752622
21241,0.36977507532799997
21242,0.403776
21243,0.8091210877188784
21244,0.060799999999999965
21251,0.4331568844005484
21252,-0.8486701456635135
21253,0.7018973260507405
21254,-0.12482383329552021
21261,-1.1510777006560247
21262,-0.8943289848544811
21263,-0.8571461522846578
21264,-3.11423603964154
21311,-1.8516763824723461
21312,-0.9895201027602387
21313,-2.007787409857088
21314,-2.2627098231409106
21321,-2.1995204677414217
21322,-1.0892316030434814
21323,-1.188832577349017
21324,-1.505537623226739
21331,-2.4034787263065764
21332,-1.3863403408517088
21333,-2.5787536979245758
21334,-1.3419211988758493
21341,0.19107426738227873
21342,0.9237207009716216
21343,0.004915067540291612
21344,0.07999999999999996
21351,-0.5569472350981717
21352,-0.23526284524986457
21353,-0.3359555048487164
21354,-0.188233166131576
21361,-0.7167700119202989
21362,0.5860437732905202
21363,-1.0563399518280145
21364,-0.768253544474371
22111,-1.2895755213161482
22112,-1.1331445533425324
22113,-0.037893913603719354
22114,-0.6932151725295775
22121,-0.52
22122,0.12675023514750827
22123,0.14589889234230657
22124,-0.56644979898388
22131,-0.36619261907459244
22132,0.36371093129220405
22133,-1.0448373141284641
22134,-6.539416662875216
22141,-1.073092776142265
22142,-1.641501785170782
22143,0.3237801723592999
22144,0.5
22151,-0.4158190714058714
22152,1.4638102514227986
22153,0.5
22154,0.5
22161,0.0656919822595276
22162,0.21417342061105107
22163,0.9539280677951183
22164,0.5
22211,-1.5478853477884607
22212,-1.5497186805734047
22213,-0.22781728602581458
22214,-1.6230338900236485
22221,-2.2166564769110635
22222,-2.1378835984756135
22223,-1.460287833439684
22224,-2.8449702101601564
22231,-0.721905012859853
22232,-0.7061515446292641
22233,-1.44523755462803
22234,-1.5523946607138748
22241,0.4867897770745484
22242,0.5488854563899677
22243,0.5
22244,0.5
22251,-0.5674156595826458
22252,-0.9259932496252049
22253,-0.4100092787214018
22254,-1.6400001047657164
22261,-1.3944355771631323
22262,-0.4745027481047893
22263,-0.051648564388515644
22264,-1.0894435483106377
22311,-2.112450698943868
22312,-1.2874240259594647
22313,-1.7699694668098696
22314,-0.6832837696468699
22321,-1.7820610490013482
22322,-2.8533645987682954
22323,-1.665024627866932
22324,-2.1025819851031575
22331,-1.5478578621720038
22332,-1.2531105489361622
22333,-1.8097934940056617
22334,-1.267463008618876
22341,-0.33884610204772453
22342,-0.10998110992278476
22343,-0.7977600000000001
22344,1.072053403470823
22351,-0.9177082520870363
22352,-0.8566888779353107
22353,0.07388308519730478
22354,-1.6912852724837002
22361,-1.4142927813639827
22362,-1.228412976182616
22363,-2.432841412189109
22364,1.6107031198334318
23111,-1.0994669361381764
23112,-0.614637868937632
23113,-2.0292025805997684
23114,-1.4051200827292765
23121,0.9434406416475252
23122,0.06415699756826726
23123,0.5
23124,0.5
23131,-0.45548595626503446
23132,-0.07734811754612675
23133,-0.252487026479557
23134,-0.23386684416760778
23141,-0.45000720573124764
23142,1.2848
23143,0.5
23144,0.5
23151,2.1219200000000003
23152,-0.8308304433843055
23153,-2.913150464
23154,-2.670515340204193
23161,-2.1991891407316553
23162,-2.8375418298296506
23163,-3.2772950351885646
23164,0.5898731871889449
23211,-1.6195040159702727
23212,-1.2642657602641412
23213,-0.5824581078015517
23214,-1.4529290195737798
23221,-1.7598696485382752
23222,-1.7534410549605228
23223,-0.6570442243681963
23224,-3.054391260461144
23231,-0.9977247570017922
23232,-2.593509924206397
23233,0.3961250264667602
23234,-1.663938798159784
23241,-0.7813769862279913
23242,-0.9624373389561067
23243,-3.1767691095587027
23244,-0.021682532452415026
23251,0.36366010573646484
23252,-0.4775492667412462
23253,0.5
23254,0.8560592987699647
23261,-1.1655152462874003
23262,-1.1308995888275923
23263,-1.4483555544425628
23264,-0.4031621364039703
23311,-1.6766714161342589
23312,-1.530146909792277
23313,-0.8150672586666212
23314,-2.5643493999189175
23321,-2.232001009202264
23322,-2.274355302303421
23323,-0.22934368205125427
23324,-2.50914616537895
23331,-0.7927520058744473
23332,-1.9551054592392094
23333,-1.3532287300115933
23334,-1.5634359115534577
23341,-0.04714588587096752
23342,2.6169192162751997
23343,-0.5210689953400053
23344,0.16479999999999995
23351,-0.24312454079706858
23352,-1.1818688
23353,-0.8185561376679216
23354,-2.7279176454350567
23361,-0.9717692481238026
23362,-1.128910044199352
23363,-0.7719263510454796
23364,-0.8220632202814867
24111,-1.790768685457947
24112,-1.9032489900003453
24113,-1.5131966374798
24114,-0.18530020487287446
24121,0.33888226735764815
24122,-0.5547624106148262
24123,0.046823826910073404
24124,-0.2711810439458924
24131,-0.7126382223586394
24132,0.30181316154780335
24133,0.3734717180367917
24134,0.6159668411063133
24141,0.45
24142,0.45
24143,0.5
24144,0.5
24151,0.7928096
24152,-0.07879023020522613
24153,-0.21799999999999997
24154,-0.3001477253874544
24161,-1.720352857494122
24162,0.43143493189419546
24163,-2.1133085709408235
24164,0.4180340631408108
24211,-2.347878241469569
24212,-1.5158285091609667
24213,-0.056096679930175725
24214,-2.0168933201505963
24221,-0.09348479948525
24222,-1.6824231232354063
24223,-0.45027456717889314
24224,-0.19726095518526798
24231,-1.247449858369553
24232,-1.3361646170462484
24233,-1.239287131658258
24234,0.13562335419447236
24241,-2.2262562727559168
24242,-0.6059014836719938
24243,0.014142912723309808
24244,0.5892414611232583
24251,0.8302140100883546
24252,-0.7954879364826408
24253,-0.7303201286741043
24254,0.40001054515369616
24261,0.43087627369400083
24262,-1.8350526869706782
24263,-2.0083378892046873
24264,-1.7687692126396355
24311,-1.678675342428582
24312,-1.3645087238102889
24313,-1.1189377489931083
24314,-1.664588995787566
24321,-1.7985186286753383
24322,-1.0153238041665085
24323,-1.7648306084166496
24324,-1.811587638284789
24331,-1.5234191159364756
24332,-0.5833307926838099
24333,-1.1488400948439983
24334,-1.2049654703913217
24341,0.45279999999999987
24342,0.48
24343,0.08641248000000001
24344,0.362
24351,-0.12191787554992967
24352,-0.46026166499466103
24353,-0.3546897419014147
24354,0.1650782066841928
24361,-2.6810573590359454
24362,-2.07567930051975
24363,-0.477866314053458
24364,-1.72163578758698
31111,-1.7086542604662611
31112,-1.5863247899193604
31113,-0.5394962919119142
31114,-1.465227673682938
31121,-0.9558449957892193
31122,-1.9968188694697626
31123,-2.8272
31124,-1.7496221445982825
31131,0.3979690071937779
31132,-0.56114991562299
31133,-0.8430680892303821
31134,-0.5711999999999999
31141,-0.28975039999999996
31142,2.0425500000000003
31143,0.5
31144,0.5
31151,-0.52
31152,0.32061332428140277
31153,-1.6435005305703585
31154,-0.1863140853293047
31161,0.2785447351419025
31162,-0.08037588444642152
31163,-1.348776958868997
31164,-1.5499999999999998
31211,-2.6405447985485266
31212,-3.072337120143111
31213,-0.5778027988101209
31214,-4.810170599025557
31221,-3.230929595663757
31222,-1.542119714392315
31223,-2.176595413548095
31224,-2.453173390300016
31231,-1.1040345154991094
31232,-1.4374239169993581
31233,-1.5176108084176865
31234,-1.3978337130570868
31241,-0.1765494060758035
31242,-0.5533761193929858
31243,-0.19090626358351775
31244,-0.07476638464729568
31251,-1.4114661824104924
31252,-0.46647437683313436
31253,-1.773619852360864
31254,-0.7392000000000001
31261,-2.4673066427860575
31262,-1.6793013518465936
31263,-1.976968315824907
31264,-0.2876075720560599
31311,-4.069337536750812
31312,-2.206608534312343
31313,-1.7814415326374473
31314,-2.616233683380924
31321,-1.1910358018129799
31322,-1.9198223231976521
31323,-1.4370474465489815
31324,-1.1881348791017097
31331,-1.4140696865043703
31332,-2.0466662105876634
31333,-0.29243481369423735
31334,-2.126425454237168
31341,-2.529036028699047
31342,0.28261765105705955
31343,-2.1374417152
31344,-0.30736496017644593
31351,-1.7287828064094524
31352,-1.7188449562310315
31353,-1.482442905924102
31354,-1.3842628899264486
31361,-1.295637311606626
31362,-2.4768850439148045
31363,-0.9634013894634107
31364,-1.5434807826574883
32111,-1.5589978482340265
32112,-0.3898517361032968
32113,-1.9090105552159045
32114,-2.191734511588276
32121,-0.9002609316885788
32122,-3.2897504
32123,-3.4708055038095362
32124,-0.6992474324205444
32131,-2.191269642092353
32132,-1.5122711016720558
32133,-0.8477668782044492
32134,-1.2523745282054308
32141,0.0814652538854076
32142,1.5022080000000002
32143,0.5
32144,0.5
32151,0.48
32152,-0.31130404249599997
32153,-1.05
32154,1.0735048334592248
32161,-2.0606089937229357
32162,-1.3601040479971958
32163,-0.5248089690521569
32164,0.22259284597086143
32211,-3.200167931549547
32212,-3.315156481353629
32213,-3.693749097649154
32214,-0.4753955960543912
32221,-3.7628413528306477
32222,-2.0301150599875974
32223,-2.8930261338947867
32224,-3.048570424666804
32231,-0.939846931878384
32232,-1.6159237153241448
32233,-1.7390100272543108
32234,-2.2235511671118733
32241,-2.5625615463356777
32242,-0.848411623081602
32243,-1.860830302751232
32244,-0.48787181788126927
32251,-0.7704422095617423
32252,-1.4198847999999997
32253,0.06600618253230428
32254,-0.46522504129892706
32261,-2.226458473541385
32262,-1.9932189859927754
32263,-2.9005644684905114
32264,-1.4971407427355574
32311,-1.5572295736050146
32312,-1.9078259347627315
32313,-2.29641679420104
32314,-2.5056520351325036
32321,-1.5914092901246901
32322,-4.312071642928336
32323,-2.5835409085295336
32324,-2.394668124167734
32331,-0.16733755984551116
32332,-2.324559273404401
32333,-1.0493138566215388
32334,-2.0076413386591407
32341,-1.1123113202032708
32342,-1.3672988456136017
32343,-1.9086023198027284
32344,-0.25445343554241373
32351,-0.15726347686280015
32352,-1.9179307175811604
32353,-2.648126024509824
32354,-0.8620845849763329
32361,-2.0456066912894837
32362,-1.9221654351235882
32363,-1.5721626362259338
32364,-1.7212733034858603
33111,-1.8771606721362826
33112,-0.8455555464661582
33113,-3.622857393434081
33114,-2.2116143373594257
33121,0.9123956403480586
33122,0.11643426503881166
33123,-1.6681328395446868
33124,-0.05920000000000005
33131,-1.8320523360299803
33132,-0.31450613856271625
33133,-1.9159942627314601
33134,-2.650455803186488
33141,3.230950636947725
33142,0.5
33143,0.5
33144,0.5
33151,0.27999999999999997
33152,0.6799999999999999
33153,0.5
33154,0.5
33161,-0.7865589882052495
33162,-1.3232000000000002
33163,-0.20658112029338394
33164,0.006639063330723283
33211,-1.8852155996967337
33212,-1.8667791185070652
33213,-2.4326661186955
33214,-0.8465982876060951
33221,-0.9190537511966539
33222,-3.016104507650524
33223,-1.6500714967503476
33224,-1.6470442740855673
33231,0.23679671387603257
33232,-2.061555195688804
33233,-10.600686648433069
33234,-3.064610199305377
33241,0.021644429151455702
33242,-2.4392000000000005
33243,0.405
33244,-2.5949999999999998
33251,-2.128477278259174
33252,-1.5893103032855331
33253,-2.138729399485249
33254,-0.8235689689988261
33261,-2.061797632244539
33262,-2.566685165844944
33263,-2.3727858905926635
33264,-1.8652051235841394
33311,-4.128224293261463
33312,-3.3475199819498194
33313,-2.9994615757046974
33314,-2.9208206507364682
33321,-1.7976339898705642
33322,-2.36270572
33323,-2.23600914199499
33324,-1.9648358106780228
33331,-1.947911778076144
33332,-1.5471299959321543
33333,-1.2849404488353533
33334,-1.9974452987628495
33341,0.46341180899327994
33342,-3.5186510027361746
33343,0.48
33344,-2.1848834304
33351,-1.3203579200000002
33352,-2.485875315949663
33353,1.3461245194791192
33354,-2.247693931356989
33361,-2.3702028376426165
33362,-2.98742858141625
33363,-0.8222611082789647
33364,-4.895030749930764
34111,-2.5111006680111982
34112,-5.137288092976697
34113,-4.636206934693809
34114,-1.6773669866115228
34121,-1.638647506125637
34122,0.21738238380199937
34123,-0.32210950650762504
34124,0.9506409878531545
34131,-0.11906131644698537
34132,-0.020875681716708283
34133,0.05462625362372342
34134,0.6126396825647273
34141,0.12329500000000004
34142,0.5
34143,0.5
34144,0.5
34151,-0.05326572258488871
34152,-0.1200000000000001
34153,-4.379435647125016
34154,0.38177189480256346
34161,-4.287223833663938
34162,-3.117541702450816
34163,-0.07080871427979674
34164,-1.7637334233126014
34211,-1.922461763723664
34212,-0.6101330575002344
34213,-9.811242898148933
34214,-3.04581590880239
34221,-2.2916391501890816
34222,-2.0366584758770485
34223,-1.6820074291617595
34224,-3.701682398079414
34231,-2.094047952819129
34232,-4.555427790951474
34233,-0.6485119830043402
34234,-4.152503695048006
34241,-0.3887647688633627
34242,-0.55
34243,0.49514731919262167
34244,-2.55
34251,-0.7797992847905666
34252,-0.5549537344954152
34253,-0.709085144696346
34254,-0.499532863598819
34261,1.3011114729819095
34262,-0.7299752814125121
34263,-1.0164052782812598
34264,-0.8503003185076504
34311,-1.4845321306127923
34312,-3.8694610941811254
34313,-0.7760639065279626
34314,-1.9729071079725093
34321,-1.4542774370031002
34322,-1.2795744413559353
34323,-1.4299730179691745
34324,-1.3931075893113967
34331,-1.5430067200000002
34332,-1.0759862206527195
34333,-0.3915310552698373
34334,-1.0886149520502122
34341,0.27999999999999997
34342,0.07999999999999996
34343,0.27999999999999997
34344,0.27999999999999997
34351,-0.24800000000000005
34352,-0.1200000000000001
34353,3.002742355724054
34354,-1.8834398867476083
34361,-2.2830781085118623
34362,-0.210668722985254
34363,-0.8388147116639815
34364,-1.5879875742407217
41111,-1.7994732331868728
41112,-0.7096386242257936
41113,-0.28826726860049784
41114,-1.122696463784715
41121,0.12416700174828332
41122,-3.545516397734305
41123,0.24123607769301514
41124,0.20956828932743632
41131,-1.6709602225673907
41132,-0.6594949982169729
41133,-0.9588758888676973
41134,-1.3909408964771348
41141,0.6799999999999999
41142,0.5
41143,0.5
41144,1.4513634017280002
41151,1.260102006140848
41152,0.5
41153,0.5
41154,0.5
41161,-1.619970980131443
41162,-1.329129809715029
41163,0.5956471552327663
41164,-0.8210170330622435
41211,-2.362650685370176
41212,-2.161636001815521
41213,-0.9581340959011189
41214,-1.9527400555072445
41221,-2.4052399842290053
41222,-4.048434418561834
41223,-0.3609782811833248
41224,-2.4702792750356566
41231,-1.5896360225441697
41232,-0.23657400051494193
41233,-0.9342743459278484
41234,-1.8546786492605396
41241,-0.6363181842856239
41242,1.09638339320993
41243,-1.4182091695833818
41244,-0.9212640472424961
41251,-0.5003764557517898
41252,-2.21788094276541
41253,-0.8222991774728918
41254,-1.9699595869557769
41261,-1.8636462575097321
41262,-1.125042800729465
41263,-2.0724500764789036
41264,-3.517849830978291
41311,-2.214355798755246
41312,-2.3073899295823166
41313,-2.181443725129418
41314,-2.0346860280341987
41321,-1.801486599571932
41322,-1.7412270600955042
41323,-4.061514170949019
41324,-1.4658872775191234
41331,-2.7051944841957334
41332,-1.16109525618936
41333,-2.7661396382347956
41334,-1.8441186897770394
41341,-0.5040415024210916
41342,0.2430278765488485
41343,-2.1181792379097857
41344,0.023422839259338857
41351,-0.36952066270723616
41352,-0.4444964146366772
41353,-1.4314535529770052
41354,-0.5225883059880452
41361,-2.3068509441883034
41362,-2.0255854038783223
41363,-2.7235974437393904
41364,-1.3207183499140434
42111,0.760514618477226
42112,0.10996343821739213
42113,0.12383556841843579
42114,-1.5158192017876457
42121,0.25403394508947563
42122,0.030278326872176464
42123,0.5408673998115628
42124,-0.7023350579177572
42131,-0.9417275755554995
42132,0.18381777052156928
42133,0.19892880639093596
42134,-0.07600301935975784
42141,2.5245
42142,0.5
42143,0.5
42144,0.5
42151,1.5134631929397306
42152,0.5
42153,0.26365079404833425
42154,0.5
42161,-0.08512199477773316
42162,-2.55
42163,-1.1171089623512134
42164,-1.8032220706111688
42211,-0.5973422337436536
42212,-1.2911436853447351
42213,-1.5740185866889025
42214,-2.1607156116615442
42221,-0.5497155594391875
42222,-2.6094929745664737
42223,-1.4365858550126755
42224,-1.6288959454232408
42231,-0.2690079989844838
42232,-1.9797181707353784
42233,-0.795320952132093
42234,-0.26902446301849386
42241,-0.3145532541774575
42242,-1.4540348105202547
42243,0.31417840905915206
42244,-3.81597514801961
42251,-0.3141632122795032
42252,-0.4473485594431542
42253,-1.9479594487010559
42254,-1.1786209272215573
42261,-3.443907178986678
42262,-2.5070079677100057
42263,-1.0804324792396311
42264,-2.4179265708381013
42311,-3.2103542130418994
42312,-3.8931125430987152
42313,-3.2239860714589943
42314,-3.150167901539761
42321,-1.9916392619201315
42322,-3.480883019178223
42323,-2.6247824674723073
42324,-2.25968161765932
42331,-0.5675158207953999
42332,-3.7904760637198924
42333,-1.7370639242334087
42334,-1.7377986037619295
42341,0.22497003908894975
42342,-0.3883915199999999
42343,-2.7034032852970182
42344,-0.09749999999999992
42351,-0.27067111887795625
42352,-0.9296884175901109
42353,-0.5433651353908171
42354,-0.4627836183523826
42361,-3.7120116718671112
42362,-2.72836624476521
42363,-3.703709283124742
42364,-2.047934761053063
43111,0.2130097772402751
43112,-0.7635112342089252
43113,-0.4844578200852765
43114,-0.4064741592709983
43121,0.28010542064921684
43122,0.3854305175495543
43123,0.1973640899028614
43124,0.7156082263883019
43131,-0.04108561629084828
43132,-0.7675810545908521
43133,-0.7808825657386346
43134,0.42787641535896925
43141,0.5
43142,0.5
43143,0.5
43144,0.5
43151,0.6799999999999999
43152,0.5
43153,0.5
43154,0.5
43161,-0.23869252394509632
43162,0.5034640999665
43163,-0.5972722577925922
43164,0.17401527463665012
43211,-1.9483860092127077
43212,-1.5589103602283052
43213,-1.6100009277579979
43214,-0.5731259527533719
43221,-1.9142206848995482
43222,-2.148908169759263
43223,-0.8319437518163868
43224,-1.526250073108196
43231,-0.5651767975809864
43232,-1.4345592947438226
43233,-0.3109722681442429
43234,-1.6600901558145553
43241,1.5350362172926053
43242,-0.6739635199999999
43243,-2.76
43244,-2.231659122923854
43251,-3.167305303526286
43252,-1.3203050359839406
43253,-1.2772316611914198
43254,-2.1784135120942416
43261,-0.6644386910309813
43262,-1.1874018106057362
43263,-1.984749576149252
43264,-3.086497590817369
43311,-2.217929159451705
43312,-3.103495092595633
43313,-3.080296765544113
43314,-3.686376633936537
43321,-1.8600868397823467
43322,-2.506297043295704
43323,-1.112186666552373
43324,-2.317552067462742
43331,-2.0269459815882933
43332,-2.5581286559661254
43333,-0.43432951073554105
43334,-2.486338323899269
43341,0.19950025409908378
43342,-0.8526591050943371
43343,0.770304474528315
43344,-0.48254818407359673
43351,-0.3000129422052502
43352,-3.7232000000000003
43353,-0.19042038379444987
43354,-0.22777851981299274
43361,-2.4928044740040174
43362,-3.1827417971552676
43363,-2.800323747324437
43364,-2.9897114765044854
44111,-1.3228828162734174
44112,-1.4586833587533055
44113,-0.5168528986544699
44114,-2.9438537735767145
44121,0.8479236937751063
44122,-0.06335757483801308
44123,0.21612564997854133
44124,-0.3914581126335641
44131,0.0517241595821758
44132,0.5089455706033637
44133,0.800510394076943
44134,0.4269529600383513
44141,1.112
44142,0.5
44143,0.5
44144,0.5
44151,0.32123591279730307
44152,0.2956783119003085
44153,0.36062058234737776
44154,0.5
44161,0.888791053548568
44162,0.6185974424326383
44163,-0.2533914497252609
44164,-0.31232268365616855
44211,-1.7375633848888095
44212,-2.2454056892302074
44213,-0.6630614165612401
44214,-1.270764027410723
44221,-2.6426133253657427
44222,-2.1927260655627614
44223,-1.0497129550864743
44224,-2.5525457502447764
44231,-1.8173727055178348
44232,-2.5666902341777016
44233,-0.43573055716822523
44234,-2.3008407666299124
44241,0.24479999999999996
44242,0.24236800000000003
44243,2.3706653123214227
44244,0.33446578717524295
44251,-1.0694267874639873
44252,-0.14145138280460245
44253,-0.439526894137493
44254,-1.1307501032897136
44261,-0.8557903712939837
44262,-1.4866213074397576
44263,-1.2611156322108534
44264,-2.13605075268046
44311,-1.9002419904377221
44312,-1.5416274910227998
44313,-0.8037323217372032
44314,-2.9954993096749156
44321,-2.678715875158995
44322,-2.247411508475648
44323,-1.2501790984991952
44324,-2.180098446875117
44331,-2.5468977299764166
44332,-1.6792519979881388
44333,-0.4670861003908474
44334,-3.0915406822463765
44341,0.2607999999999999
44342,-0.9801999052800001
44343,2.9510445425726113
44344,0.27679999999999993
44351,-0.1317271343469367
44352,-0.1783512856156142
44353,0.3295991334056314
44354,-2.899367261000997
44361,-1.5338151266924616
44362,1.9051171849013997
44363,-0.9212987728411748
44364,-1.043975554922813
51111,0.3554612444034065
51112,0.5109272751871221
51113,0.5665686761213119
51114,0.017358488282272794
51121,0.3569119438807793
51122,0.45279999999999987
51123,-0.23826783221476933
51124,0.9664270962142436
51131,-0.23383681095482864
51132,0.23212758253059285
51133,0.5068777024092417
51134,0.5
51141,0.20495508643599208
51142,0.19029166943621578
51143,0.5
51144,0.5
51151,1.9919409508215393
51152,0.5
51153,0.5
51154,0.5
51161,-0.044170206489578256
51162,-0.0780405885255992
51163,1.330757559532101
51164,0.060799999999999965
51211,-0.7798775303357202
51212,-0.7475304740442862
51213,-0.6870741044207995
51214,-2.446478008718362
51221,-0.5984791690424494
51222,-1.4487580887018239
51223,-1.1786717010209202
51224,-1.8400383091234491
51231,-0.9305945315557667
51232,-1.334259078321037
51233,-0.7489528549196964
51234,-1.0937605693379444
51241,0.6705332196496483
51242,0.15878406865705186
51243,0.1949042245101843
51244,-0.49172561917534285
51251,-0.28870386800071696
51252,-0.5595177934221918
51253,-0.38474321101635295
51254,-0.2964210442114845
51261,-0.2441001572988291
51262,0.23408632726094325
51263,-0.3813328140651008
51264,-0.7843123562019035
51311,-1.1757588134921522
51312,-2.240757647409168
51313,-1.1613768596789649
51314,-0.9767710919128246
51321,-0.7834411474089226
51322,-1.7197540154619402
51323,-1.0039293681647603
51324,-0.4965318860457245
51331,-1.112329838424899
51332,-1.189105843802833
51333,-0.3872117277631512
51334,-0.8883807248071793
51341,0.21763218431999998
51342,-0.06888000000000005
51343,0.637937848478215
51344,0.010527465185515672
51351,0.3607051648617272
51352,0.35243441662903163
51353,0.5929763939150978
51354,0.30499999999999994
51361,0.9197135952057371
51362,-0.4655377395171122
51363,-0.8886865004960517
51364,-0.5945315224051824
52111,0.7274465388677408
52112,0.19156627901077108
52113,0.2637407641818386
52114,0.07769025086693039
52121,0.26907567363749607
52122,0.6553643225798491
52123,0.2376335885451541
52124,0.5
52131,0.4076100459720601
52132,0.24554698098043504
52133,0.41711526458869247
52134,0.33922860881154504
52141,1.1696
52142,0.5
52143,0.5
52144,0.5
52151,0.5
52152,0.5
52153,0.5
52154,0.5
52161,0.11279158155000085
52162,-0.25135256298658715
52163,2.520348556490185
52164,0.6220755220760044
52211,0.33795295434166345
52212,-0.9341554522505244
52213,-0.8482364707068288
52214,-0.8535911846369277
52221,-1.324496157757687
52222,-1.2113893674887324
52223,-1.0620592271800828
52224,-1.2011946970820548
52231,-0.6122020984625164
52232,-0.44907041126213537
52233,0.2735453679985027
52234,-1.417507311807522
52241,-0.17169519415986356
52242,1.2573504794456103
52243,-0.30573185503948497
52244,-0.4523884353974971
52251,-0.48159673006266973
52252,-0.6845603269396237
52253,-0.6404466452422631
52254,0.5755709887332252
52261,-0.7939256599238389
52262,-1.0187675610453057
52263,-0.07985744108972559
52264,0.5844320250265114
52311,-1.9278561113438872
52312,-1.4403045608096159
52313,-0.4410152624135076
52314,-1.6354966226487164
52321,-1.0183077313241455
52322,-1.0496535440724584
52323,-0.9875970225820587
52324,-0.9777855141855026
52331,-0.6502716365243744
52332,-0.854736625199888
52333,-0.8112474514087651
52334,-0.9391896100877131
52341,6.653847991154084
52342,1.4646156785846536
52343,0.5
52344,0.5
52351,0.262244326275855
52352,-0.01615913960752674
52353,0.22706521368538407
52354,0.1847705009425915
52361,-1.1548806475399553
52362,-0.751622352473092
52363,-0.9437662224995564
52364,-0.9522439539475411
53111,0.11799451108804301
53112,-0.08650054887375763
53113,-0.4712051008790977
53114,0.20644315586080547
53121,0.3612472970770914
53122,-0.4308689517248867
53123,0.4720460875067366
53124,0.27999999999999997
53131,0.347364926907408
53132,0.39796097853706425
53133,0.020269342375328764
53134,0.5022784722636865
53141,0.31770118038972084
53142,0.5
53143,0.5
53144,0.5
53151,2.002411919885651
53152,0.5
53153,0.5
53154,0.5
53161,2.318777780440042
53162,1.0376654108722296
53163,1.1215412618179923
53164,0.5
53211,-0.650937807581293
53212,-0.07585571687124079
53213,-0.12667945701527578
53214,-0.4886142388461412
53221,-0.025713716108679258
53222,-0.25850424087020224
53223,-0.21697353085510357
53224,-0.6924259878348745
53231,0.30571724056222616
53232,-0.3705396472536621
53233,0.1250855712195924
53234,-1.0007661403779016
53241,-1.0252576490661447
53242,-0.05436740737353302
53243,-0.06043220604681665
53244,2.8812593082595805
53251,-0.14746071151766532
53252,0.054348583499551545
53253,0.4336678503811421
53254,-0.47130967003044977
53261,0.4324923055595613
53262,0.563914506128629
53263,1.0286936625349385
53264,0.10055380345977742
53311,-1.9290597345824096
53312,-1.5409065331244658
53313,-0.571459666428235
53314,-1.5611396467148764
53321,-1.5972444225864277
53322,-1.5894538231494626
53323,-0.6731154243851182
53324,-1.918171082798394
53331,-1.3977644566000924
53332,-1.407577835184491
53333,-0.20311618889162752
53334,-1.5699338650567247
53341,0.48
53342,0.2759010304
53343,0.5
53344,0.5
53351,0.2718203355234159
53352,0.24385643389745815
53353,0.27999999999999997
53354,0.11546600491480041
53361,-0.6764949284244755
53362,-0.7983602419851505
53363,-0.4085224997801199
53364,-1.0591991027537815
54111,1.1077956067318213
54112,0.12752312074745265
54113,-0.08767875602168007
54114,0.5817512334896543
54121,0.4241340589984909
54122,0.24194528661640674
54123,0.35440352051493385
54124,0.6652176368958591
54131,0.546393753838889
54132,0.5
54133,0.5
54134,0.5
54141,0.9700444618081198
54142,0.5
54143,0.5
54144,0.5
54151,0.48
54152,0.8528
54153,0.48
54154,0.5
54161,1.2490345613487706
54162,-0.3174941360332357
54163,-0.16685164308266187
54164,0.5
54211,-0.5606421780978179
54212,-0.2927800597458663
54213,-0.09265486393114641
54214,-0.1985078857297158
54221,-0.9993792808098085
54222,-0.37640633359099385
54223,-1.0496924713748965
54224,0.4076102305991194
54231,-1.6248298023097925
54232,-0.569330000677757
54233,-1.479082263731715
54234,0.6553992577313522
54241,0.47344017651710835
54242,-0.3696777191624053
54243,0.08573209986103031
54244,-0.325
54251,-0.7877500952417661
54252,-1.2723215719154155
54253,-0.9070494949587204
54254,1.1620620846398328
54261,-0.5010470229183139
54262,-1.5026675043265865
54263,-0.21112886862364638
54264,1.0451344356897945
54311,-1.1934369757028218
54312,-1.2173554729165423
54313,-1.1893853087548474
54314,-0.996475533419276
54321,-0.5424681136350676
54322,-1.1646436158377014
54323,-0.6679906569366925
54324,-0.828446494676478
54331,-1.152056963432448
54332,-1.2600440975530125
54333,-0.4592738641406542
54334,-0.9718398760566196
54341,3.0054226885421467
54342,0.5
54343,0.5
54344,0.5
54351,-0.9216035756462365
54352,0.49247280759727996
54353,0.38683894460165086
54354,0.5
54361,-0.20335103791210174
54362,0.055706011073971856
54363,0.13320011605875917
54364,0.14878549454663664
61111,-0.8821277861310953
61112,-1.8582499833827053
61113,-2.952111686518762
61114,-1.9090968001590136
61121,-0.29830752802703686
61122,0.2722398262579909
61123,-1.677161793282338
61124,-0.42694781126037906
61131,-3.9098489844758113
61132,-0.7819893960700521
61133,-0.024444116768513602
61134,-0.55
61141,-0.52
61142,2.8461957472558645
61143,0.5
61144,0.5
61151,1.0800435273639712
61152,0.5
61153,0.5
61154,0.5
61161,-0.6580293903452279
61162,-0.4975438108072211
61163,0.06626730935139913
61164,-0.5377477917782613
61211,-2.048073800680477
61212,-0.8497781516227648
61213,-2.00410440142491
61214,-1.6164280181826431
61221,-2.694903471221609
61222,-3.2941154328499773
61223,-1.4465676129918459
61224,-2.1802278849876284
61231,-2.1768803440107822
61232,-2.8627836755484046
61233,-1.24381250629324
61234,-2.9257014946326434
61241,0.7095061897443616
61242,-0.2295171201564553
61243,-1.0550761425660569
61244,-0.31999999999999995
61251,-1.8934612057916533
61252,-0.9402339194291098
61253,-2.0379022031630822
61254,-2.9107723040151128
61261,-2.805623070309249
61262,-2.0986891578871383
61263,0.7378663877072825
61264,-1.2035256112915163
61311,-2.8398578875710485
61312,-3.558915626686009
61313,-1.6262514626935842
61314,-2.6910933244866637
61321,-1.8174427777397275
61322,-1.5384773703319354
61323,-4.157978708721923
61324,-1.679810401358766
61331,-2.256384255183713
61332,-2.100975906055807
61333,-1.140638126990664
61334,0.18264299280677931
61341,-2.297391999999121E-4
61342,3.827412867124303
61343,-0.52
61344,0.5579860587398884
61351,0.217968830785081
61352,0.36612546536842716
61353,0.057556761832184
61354,0.014986519722066605
61361,-2.1349629146424705
61362,-2.0458136336054284
61363,-2.718782268130414
61364,0.41061259362743774
62111,-1.786863550028877
62112,0.2782688812927812
62113,-0.9070800130023955
62114,-0.646165032383599
62121,-1.0121632238358038
62122,-1.1447123324202946
62123,-1.8684133942687726
62124,-0.3948429884221625
62131,0.049699408946750206
62132,-1.5906667247975612
62133,-0.022026740074403972
62134,-0.22824476820705908
62141,0.9391999999999999
62142,0.5
62143,0.5
62144,0.5
62151,-0.52
62152,0.46888038759852974
62153,0.6020332382311413
62154,0.5
62161,-0.8073141665951047
62162,1.4935016534685301
62163,-0.40394029674768983
62164,0.47549682870644616
62211,-1.388724917238212
62212,-1.7218506469872148
62213,-1.51157669840903
62214,-0.493881185407968
62221,-0.6870152766459612
62222,-2.658108491272204
62223,-1.6620099092610374
62224,-1.80226509627808
62231,-1.0511785560369236
62232,-0.6209707788744995
62233,-1.140045619762276
62234,-1.5073186168811867
62241,-1.7109258221828263
62242,-2.362682726453944
62243,0.043494719774046064
62244,0.43326797720926474
62251,-1.516848662887205
62252,-2.1204309649432953
62253,-0.8200147234229768
62254,0.5511163536254832
62261,-2.5250958464010456
62262,-1.9482540122369363
62263,-2.078578811945037
62264,-0.19461882681076448
62311,-0.8937722902562971
62312,-3.400369068471642
62313,-3.683758871472393
62314,-2.143730629327038
62321,-2.643113230392152
62322,-2.63835612064924
62323,-1.771175011280556
62324,-4.3010368
62331,-0.43326501143241486
62332,-2.1607909364543705
62333,-2.451623552295678
62334,-2.4267038157527328
62341,6.508093272100716
62342,1.8203392605291642
62343,-0.9472000000000003
62344,-0.061954289379475336
62351,-0.8726032949931533
62352,-1.1541663286353159
62353,-1.267369462048955
62354,-2.1874090365367946
62361,-1.9237150220216952
62362,-2.3708571792097866
62363,-2.338450873027823
62364,-1.726051059525706
63111,-0.3127822024603163
63112,-0.48451980837384345
63113,-2.0510656052531218
63114,0.0041142027460636665
63121,1.0354071370306774
63122,-0.4281245436590537
63123,-0.14793608740122355
63124,-0.5340256391472116
63131,-0.18152130040289882
63132,0.6567007684393702
63133,0.01898270275120839
63134,0.11411713286318959
63141,0.5
63142,0.5
63143,0.5
63144,0.5
63151,-0.1200000000000001
63152,0.7247310001880747
63153,0.5
63154,0.5
63161,-1.10012220468578
63162,-0.5002901704831328
63163,-0.8392486932476095
63164,0.343666018967984
63211,-1.938912284103508
63212,-2.037907680753431
63213,-0.5929293640219051
63214,-2.2824952898159614
63221,-0.08794570368837423
63222,-1.674255318176888
63223,-1.3064091262440787
63224,-2.193332371693359
63231,-1.2007288252966009
63232,-1.61908597991307
63233,-1.516762500939473
63234,-1.421203723535867
63241,0.27999999999999997
63242,0.10516272412732275
63243,-0.52
63244,2.890248909804366
63251,-0.0947450755495566
63252,-0.09923588042673993
63253,0.28693462276038817
63254,-0.28451228761317093
63261,-1.15244167322667
63262,-2.3586942405236804
63263,-0.3054723144616276
63264,-0.02957796370315391
63311,-2.4399125683559015
63312,-4.505645645673877
63313,-3.2900316017364104
63314,-3.578871842365983
63321,-4.090731660112616
63322,-6.253934982061336
63323,-0.3859778158923635
63324,-4.635934322868376
63331,-1.2330746266159145
63332,-3.167445535103782
63333,-2.6024445469791226
63334,-2.031907411613072
63341,0.27679999999999993
63342,-0.4123254151502977
63343,0.9089661553106405
63344,0.8447245288872388
63351,-1.0802233797357534
63352,-1.1268989177116033
63353,-0.9458742048443415
63354,-2.504861692148496
63361,-3.620543008200714
63362,-3.850508493666302
63363,-3.7404100642079348
63364,-2.536468075261809
64111,-2.147857047744782
64112,0.12721340095170047
64113,-0.6953470757454262
64114,-1.484880033645024
64121,-0.709066829155313
64122,-0.6150753396599149
64123,-1.12
64124,-0.6933357045713542
64131,0.2607999999999999
64132,-0.3255543157096247
64133,0.36125353114286285
64134,0.21697978816487412
64141,0.11199999999999988
64142,0.5
64143,0.5
64144,0.5
64151,-1.05
64152,1.5909425515820987
64153,0.5
64154,0.5
64161,-0.849238691231359
64162,-0.4677053147877789
64163,-1.120481479400514
64164,-0.9220535050195326
64211,-1.96392872202884
64212,-1.8578369525491145
64213,-1.1196889953427265
64214,-1.0530943933777552
64221,-2.848519738538188
64222,-1.865153990400696
64223,-1.260185453959299
64224,-3.9122052923165125
64231,-3.1914311188337954
64232,-2.500109547852588
64233,-1.8948843213891007
64234,-0.5095890478849979
64241,0.3502987491743109
64242,-0.3581401468830796
64243,-0.035610788140165536
64244,-1.199804050649682
64251,0.7010826713020631
64252,-1.1141598134321724
64253,-1.2829007665118295
64254,-0.0630501190618486
64261,-2.0995790969266235
64262,-2.672921177302884
64263,-1.0093761569971254
64264,-0.43245901818250093
64311,-2.6312462425189374
64312,-0.5316980568533072
64313,-1.5793288254361997
64314,-2.752822863284636
64321,-2.5556054782412736
64322,-2.5635251728362056
64323,-2.0978780391341747
64324,-2.481239983500386
64331,-2.301542610773994
64332,-1.9331796343523848
64333,-0.1802241654291052
64334,-2.1440082410070143
64341,-0.06800000000000006
64342,2.4757720428655
64343,0.48
64344,-0.34897901454473157
64351,-0.9350067200000002
64352,-0.9237179252090536
64353,-0.4523413216717442
64354,-1.1294292750457362
64361,-2.3696332937593936
64362,-2.6307381630309346
64363,-0.747263191497462
64364,-1.5828765572615549
71111,-0.9468269056004512
71112,-1.9317816821146427
71113,-1.302062161179586
71114,-3.8735544342426875
71121,-1.2950000896781602
71122,-1.436077982846044
71123,-0.3056533090119294
71124,-2.4670662564528802
71131,-1.32
71132,-0.37110946596055955
71133,-2.0182422801705853
71134,-1.352599991349579
71141,0.48
71142,0.48
71143,0.6887003077078214
71144,0.5
71151,-0.1200000000000001
71152,0.2508269568000001
71153,-0.07999999999999996
71154,0.04236800000000002
71161,0.2196280780624441
71162,-1.0950000000000002
71163,1.657733736967393
71164,0.45
71211,-2.421082936119304
71212,-1.2286768370157526
71213,-2.5908452026271904
71214,-2.5838216834907994
71221,-3.8715091346543353
71222,-2.5517174990339626
71223,-1.9870407740029012
71224,-2.257509966470857
71231,-5.332887608460455
71232,-2.610339470605935
71233,-2.0696105510424894
71234,-4.170908017172489
71241,0.026687999999999934
71242,0.74640192700416
71243,2.265012043776
71244,0.5
71251,0.028322643013295623
71252,0.20054657793484115
71253,-2.3039579944455397
71254,-1.9160645921702306
71261,-2.04228986675367
71262,-1.8862670722002255
71263,-2.0235357427007234
71264,-1.8437252513489144
71311,-3.2479012121094812
71312,-2.6615504755939345
71313,-3.1614436339418295
71314,-1.938934667752295
71321,-2.6155124893764836
71322,-2.173106289476091
71323,-3.101822539130394
71324,-2.6243805010337793
71331,-5.421570307567913
71332,-1.949850496093719
71333,-3.618282094806852
71334,-3.204221707480977
71341,-0.4585347479061723
71342,-0.9821300474061945
71343,-0.6048641926049729
71344,-0.6040794814056589
71351,-0.52
71352,0.19094004260442463
71353,-0.6984918334769216
71354,0.814794005220784
71361,-2.3122581241511324
71362,-1.4806815008194623
71363,-2.5181971408114183
71364,-0.9008613820203949
72111,-0.7596120743087277
72112,-1.1849809911397262
72113,-1.0473188162397635
72114,-0.5444156937828886
72121,-0.5648235326418045
72122,-1.225423237197441
72123,0.7497627244395613
72124,-0.648818294173581
72131,-1.9570118928483673
72132,-1.7726663318980256
72133,-2.027389910991525
72134,-2.219742230330324
72141,0.432
72142,0.432
72143,0.392946203736662
72144,-1.05
72151,0.4768078098966234
72152,2.1463495681041804
72153,0.5
72154,0.5333322682528531
72161,0.1150912334481351
72162,0.04857003380938896
72163,0.1540975143189773
72164,0.17121808320641274
72211,-1.8912427336686723
72212,-3.476322561243075
72213,-3.1008028046005363
72214,-3.1118374959701596
72221,-1.977920016971144
72222,-2.86109824017719
72223,-0.9624398087006947
72224,-2.3406135178560836
72231,-0.21739640718059297
72232,-1.555989992585944
72233,-3.09481868353455
72234,-2.3818485520559083
72241,-0.15614486636220795
72242,0.45
72243,-1.0878572666314412
72244,0.8058776770768546
72251,0.3698579960727872
72252,0.27999999999999997
72253,-0.7579913936648738
72254,0.15767384561960124
72261,-0.3183570239182226
72262,-1.9109933917084416
72263,-2.5410988098887253
72264,-1.7527830337659598
72311,-0.3492256330693781
72312,-3.553833926652177
72313,-3.5595518705890017
72314,-3.1892577328825196
72321,-3.0314347226382683
72322,-3.923837032201395
72323,-3.4327105050048505
72324,-3.5948921160891825
72331,-5.5278278638409075
72332,-4.210155815854353
72333,-3.497764633459737
72334,-1.9881829750435522
72341,-0.2098086400000001
72342,-1.5688126289456665
72343,-1.49006146444988
72344,0.48596361567491814
72351,-1.0062154717785885
72352,-0.7392000000000001
72353,-2.079086358987748
72354,-0.4995739592307593
72361,-1.1042339433440018
72362,-2.204070340353474
72363,-2.821181002221333
72364,-2.052946852349787
73111,-1.2290828174945985
73112,-0.2523971079469429
73113,-1.6477722674314192
73114,-6.5381049482056
73121,-1.6060461816594969
73122,0.28897604375288755
73123,-0.37285423763552633
73124,-2.2654685285352434
73131,-0.530348032922186
73132,-0.9531515202853262
73133,-1.111846929242687
73134,-0.8745663019777108
73141,1.1088
73142,0.5
73143,0.5
73144,0.5
73151,0.036799999999999944
73152,0.24907742344706685
73153,1.9977242375460185
73154,0.5
73161,0.997237692897384
73162,-1.8201705829767927
73163,-0.36770257459811306
73164,-1.1385973831493286
73211,-1.205070322960931
73212,-3.3535291372182536
73213,-3.5589470944892976
73214,-2.8489598547427635
73221,-1.6663972154399864
73222,-2.819417171622875
73223,-1.700167415325904
73224,-2.6884856011650067
73231,-2.28014389672781
73232,-3.5454940897767666
73233,-0.7724724599784194
73234,-2.600550640249111
73241,-1.05
73242,-0.7652504375888389
73243,0.6139683999100181
73244,0.48
73251,-2.3045988960128607
73252,-1.6106634682575822
73253,-0.6984853753804812
73254,-1.17819304011833
73261,-1.9929698712998942
73262,-2.2642659547447717
73263,-1.422825352379604
73264,-2.4066249007387635
73311,-2.3116383845037936
73312,-5.071299702883358
73313,-1.5740093649227447
73314,-3.636740608044071
73321,-5.252552458573576
73322,-5.825946609909775
73323,-3.074773738682385
73324,-4.764093251228845
73331,-2.7979786305376555
73332,-2.3682647225123983
73333,-1.658275173508698
73334,-2.5203194202584305
73341,0.27999999999999997
73342,-0.05448074321071039
73343,-0.8939187199999999
73344,-0.09365180170239984
73351,-0.49081651404140414
73352,-2.513377319873132
73353,-3.894900864628705
73354,-1.0519217859892676
73361,-2.5014105178904247
73362,-3.361009932365446
73363,-0.42271129889091075
73364,-2.460529757815396
74111,-0.3346386367951518
74112,-2.2233769099417917
74113,-1.9621313892394157
74114,-2.0208851567068713
74121,0.11737761546428294
74122,-3.4938095805926714
74123,-1.3193229774878366
74124,-1.4523008192659508
74131,-2.174862035993461
74132,-0.2796367634088019
74133,0.6392754518636989
74134,0.45224176853411685
74141,0.6799999999999999
74142,0.5
74143,0.5
74144,0.5
74151,-0.7496320000000001
74152,1.8368000000000004
74153,-0.6312650984572208
74154,-0.6003322113290488
74161,-1.1211652474363931
74162,-1.0292367029663119
74163,-0.9995918844285994
74164,-1.3199651523906761
74211,-2.454377318335606
74212,-2.4685900796887355
74213,-3.5265972398613865
74214,-1.2675147364057215
74221,-1.1547388120292854
74222,0.18866829360113405
74223,-1.4978610269902162
74224,-2.756475999652159
74231,-2.8898843329918265
74232,-1.9328048163685314
74233,-4.868678920868953
74234,-2.306473902966932
74241,-0.5422314076012936
74242,-1.165574711348622
74243,-0.5074033519727643
74244,-0.9924247270524558
74251,-0.11120000000000002
74252,-0.52
74253,-0.03816410415130189
74254,0.27999999999999997
74261,-0.68311552
74262,-0.5033047026738859
74263,0.7256188467157565
74264,-1.2212783374824312
74311,-3.5645537014899156
74312,-2.103447497053577
74313,-2.0648874601062146
74314,-3.564120080250694
74321,-4.297034784081084
74322,-2.5740173660547576
74323,-1.519930864213256
74324,-3.736100523708243
74331,-3.0459356492948775
74332,-4.126876142030594
74333,-3.3159988438319
74334,-2.3626730648316125
74341,-0.8658393403297131
74342,0.22773017850386768
74343,0.5
74344,0.654528
74351,-1.1500799999999998
74352,0.5448779248911089
74353,-0.3880000000000001
74354,-0.7404003216189976
74361,-0.9339519999999999
74362,-0.5048296063434227
74363,-0.756707301298545
74364,-2.0021602648862684
81111,-0.9775971704970003
81112,-0.8780898272679736
81113,-1.5703749073868318
81114,-0.6760517894725773
81121,-0.5051062370780639
81122,-2.0602814894079997
81123,-1.1509096599623783
81124,-1.8331864963720546
81131,-0.6715124042845116
81132,-0.9472051110205564
81133,-0.7685112417235077
81134,-1.918201891143342
81141,-0.30732800000000005
81142,0.6799999999999999
81143,0.5
81144,0.5
81151,-0.44000613486356643
81152,0.27372799999999997
81153,0.5
81154,0.0057858163098414295
81161,-1.5081897412486385
81162,-0.22674592555377782
81163,0.5306663168712654
81164,-0.8407601616227534
81211,-1.9494005925338813
81212,-2.1236935223320317
81213,-0.40205569718454665
81214,-2.114205106033529
81221,-0.9088293361733419
81222,-1.4461032688278121
81223,-1.1887761851517198
81224,-1.213207146608392
81231,-1.4301187962965154
81232,-1.1946317218861124
81233,-0.5345586047909343
81234,-0.9062071775219852
81241,0.4055697379426443
81242,-0.050000000000000044
81243,2.331274427655865
81244,0.5
81251,0.6724271968502141
81252,-0.9395972500157337
81253,-3.032591185891385
81254,0.060799999999999965
81261,-0.3334110610775741
81262,-0.9478477146367502
81263,-0.6461142869451173
81264,-0.6531941124260752
81311,-1.8482660241361364
81312,-1.5025594265528932
81313,-1.9451268649380657
81314,-1.9594534701424946
81321,-2.8023957919977898
81322,-0.8698162739906055
81323,-2.737006199650203
81324,-1.6270714128118555
81331,-2.0270740857545495
81332,-1.1563762925442116
81333,-2.0352113823933844
81334,-2.4052556332155643
81341,0.05279999999999985
81342,0.41382334101323476
81343,1.1782412864274245
81344,0.34483151747991686
81351,-0.26038441475077223
81352,-0.2546276122228587
81353,-0.25375403553914405
81354,-0.5926400000000001
81361,-1.2114199729863078
81362,-0.04403897361873821
81363,-0.8816898916355362
81364,-1.3772813326060867
82111,-1.827403246901306
82112,-1.5453146305625354
82113,-0.8508378187424314
82114,-1.5343885452282757
82121,0.041659790045758094
82122,-1.5132958444735674
82123,0.6138568748279817
82124,-0.1266571967993142
82131,-0.6065711133258825
82132,-1.112900704629718
82133,-0.24471004840968258
82134,-0.22503221887806485
82141,-0.1200000000000001
82142,0.48
82143,0.48
82144,0.5
82151,1.397507136273221
82152,0.5
82153,0.4950872610903832
82154,0.5
82161,-0.29227840133263205
82162,-1.0485843489842974
82163,0.4751031611630839
82164,-0.5045513677106946
82211,-1.232896573441897
82212,-1.1489924355148977
82213,-1.0973509305418643
82214,-1.8750200564385713
82221,-1.7698329578785699
82222,-3.1253184460238557
82223,0.030176409069368595
82224,-2.512975356097334
82231,-1.8760905269900015
82232,-1.5605951947157164
82233,-0.7438042635525796
82234,-1.2190311507823561
82241,0.4746715589608813
82242,0.519388203080696
82243,0.5
82244,0.5
82251,0.08767179001268788
82252,0.18758276036386445
82253,-0.005307537733336087
82254,0.044173520317535464
82261,-0.943011767231652
82262,-0.7869226713959273
82263,-1.4286279063852647
82264,-0.7329165107288778
82311,-1.024923405750879
82312,-1.043584463217591
82313,-2.1162745679492363
82314,-1.853774346540048
82321,-2.049676023164218
82322,-3.003628332434123
82323,-2.597821015146594
82324,-2.62405847307551
82331,-2.409610643568019
82332,-3.277628585057374
82333,-2.276820102605124
82334,-1.9244943590048282
82341,-0.39179516461101427
82342,-0.8423042129920002
82343,-0.72
82344,0.287038305575239
82351,-1.8270446877964361
82352,-2.337870623088554
82353,-0.401415588208876
82354,-1.472353576745896
82361,-1.7242656603166355
82362,-3.419693423117206
82363,-1.4569386987382853
82364,-0.11102063355823374
83111,-1.2686277325416426
83112,-1.6660567522348442
83113,0.14336862575749681
83114,-3.036971833557927
83121,-1.146592936477335
83122,-0.46042211913021147
83123,-0.20331703563875023
83124,-0.8353349847312583
83131,-0.6218545773971769
83132,-0.2560095330786657
83133,0.27799858925643206
83134,-0.16973154614951075
83141,0.026687999999999934
83142,0.48
83143,0.5
83144,0.5
83151,0.19177171471835663
83152,1.109197334046034
83153,0.5
83154,0.5
83161,0.19764015177459285
83162,-0.05490468021954553
83163,-0.52
83164,-0.3935564832595804
83211,-0.6080792743298056
83212,-0.8629636327928918
83213,-0.46938779049636
83214,-1.4188843600603966
83221,-1.0066115705099767
83222,-1.485705620644215
83223,-1.1762181707154675
83224,-0.7749198950643459
83231,0.18056337147675944
83232,-0.8466622780099933
83233,-0.633047392418546
83234,-2.4888698403295693
83241,0.48
83242,0.27999999999999997
83243,0.48
83244,1.6856403505046675
83251,0.27999999999999997
83252,-0.5954079523454143
83253,0.9822192880467677
83254,0.2281913455242512
83261,-0.7934871518302654
83262,-0.6201957442580383
83263,0.48215863368644896
83264,-1.1523212128465343
83311,-1.7941410503885313
83312,-2.0548779782161057
83313,-0.970093246380106
83314,-1.51603806910348
83321,-2.136434661979971
83322,-1.879206909185035
83323,-0.25681072111830394
83324,-2.5478360227238106
83331,-1.5311220651495143
83332,-1.760514334737007
83333,-0.41319852071232704
83334,-2.0865269055769753
83341,0.3560452947087058
83342,0.28342906879999996
83343,0.3910435194679397
83344,2.459672478503871
83351,-1.4943190835143818
83352,-1.7329544501636032
83353,1.158511152495921
83354,-1.3298351011602572
83361,-1.5158287692932475
83362,-2.215755557206567
83363,-1.3046782251274551
83364,-1.5866192045577017
84111,-0.24631614821930176
84112,0.004031942352228923
84113,0.4004289078190126
84114,-1.4378063711724498
84121,0.0159645082397043
84122,0.032547832884770866
84123,0.03536159873410588
84124,-1.4011573750368644
84131,-1.2315179671688103
84132,-1.9204332804597626
84133,-0.498739099436297
84134,0.02311149855889888
84141,0.48
84142,0.5
84143,0.5
84144,0.5
84151,0.6148976947381111
84152,0.24334610828971398
84153,0.24918453876424704
84154,0.4103830054508339
84161,-1.116979580928
84162,-2.45248
84163,-1.1493847380080318
84164,0.9943588618625878
84211,-1.1625157148194505
84212,-0.05131392161389475
84213,-1.1240176299354918
84214,-1.396053908719712
84221,-1.4175821179803614
84222,-3.458446459733336
84223,-1.629624161108254
84224,-0.5926474381729138
84231,-2.552032171916236
84232,-2.7676024112282565
84233,-0.013006854683184743
84234,-3.093184050757716
84241,0.27999999999999997
84242,0.1689632145882673
84243,0.3971378458475904
84244,0.9060200911766707
84251,2.1158765446202037
84252,-0.9199999999999999
84253,-0.5369945963946959
84254,-2.0962644447254863
84261,-0.6252846008218728
84262,-1.2393065756289046
84263,0.8020362580321437
84264,-1.0379542691561614
84311,-2.537001087525786
84312,-1.6451959795725035
84313,-0.5069939952807045
84314,-2.4407818302956317
84321,-1.8897319639819457
84322,-2.053051402350549
84323,-0.7074549985592888
84324,-2.1336507089955665
84331,-2.162044657228018
84332,-2.00003934864655
84333,-1.1589872952459912
84334,-2.0352067015792272
84341,1.0759987651002287
84342,0.03874544560457316
84343,-0.47802887171848196
84344,-1.2447546584462659
84351,-0.8675960149134962
84352,-1.968
84353,-1.3299975487927633
84354,-0.16707157847636034
84361,-2.6112
84362,-2.2261064079013875
84363,-0.7670665737049156
84364,-2.075914710733528
91111,-1.779116966679724
91112,-1.2635495026620858
91113,-1.5641975090915181
91114,-1.5906541939334398
91121,-2.209477756227644
91122,-1.8013564796790875
91123,-0.5691700990926599
91124,-2.4483563026314457
91131,-2.853090809395753
91132,-3.9717367440388003
91133,0.44078714984658096
91134,-2.312302160230576
91141,-1.4658542620573558
91142,0.08605880133052995
91143,0.48
91144,-2.55
91151,-1.9212
91152,-1.787258063661327
91153,-3.4680000000000004
91154,0.5694419319384756
91161,-1.2008161979237837
91162,0.6923913325670695
91163,-0.705862654606477
91164,-5.835147231300101
91211,-5.169956719958415
91212,-2.634951461523306
91213,-2.23764080494391
91214,-1.0747893656046648
91221,-1.5753710346214438
91222,-3.9425009619467533
91223,-3.904923252732817
91224,-4.09787166040872
91231,-3.0143363897837743
91232,-2.772324003713196
91233,-2.2477075049295645
91234,-1.0646606304391277
91241,0.65504
91242,-0.3813120000000001
91243,-0.72
91244,-0.8256117145600002
91251,-2.2893445331650932
91252,-2.1285357582117945
91253,-1.2948547568020432
91254,-3.805378579179197
91261,-0.8241065972273024
91262,-3.2046290571159948
91263,-3.8882712665640375
91264,-4.671998399593128
91311,-2.5696101694732167
91312,-3.4452147665218997
91313,-0.8080903848758734
91314,-8.390491679126804
91321,-2.742339692563129
91322,-1.6775606238791234
91323,-1.7880215218923996
91324,-3.170658247579065
91331,-0.7145421135777666
91332,-2.3260489134960047
91333,-1.3256164247460898
91334,-1.4620974981017183
91341,0.28077341792585564
91342,0.45
91343,0.7988472935514257
91344,0.5
91351,0.07999999999999996
91352,-0.042713494728721324
91353,-0.5257788076783954
91354,0.8525982235740686
91361,-0.5392000000000001
91362,-0.30153852867453645
91363,-0.24958099983464227
91364,-0.7695375288193627
92111,-1.7786962592138416
92112,-1.9951784211429235
92113,-1.5650750698006868
92114,-2.0393654163518384
92121,0.25038011389231196
92122,-1.768726143145888
92123,1.2388613193282665
92124,-0.7882378741694188
92131,-2.0843053372662004
92132,-0.23903456867247086
92133,-0.5774201615056367
92134,-0.7707967808977393
92141,-3.484718207068897
92142,1.2618303297094384
92143,0.5
92144,0.5
92151,0.7077091942400003
92152,-0.2111447751777915
92153,-0.6096000000000001
92154,0.26399999999999996
92161,-1.0217629197625313
92162,-0.8885184022657261
92163,-1.2917644505390056
92164,-1.7265114704080546
92211,0.012735521537192235
92212,-1.6248021282343914
92213,-3.221320622182777
92214,-0.8526986624020728
92221,-3.200716464746383
92222,-2.9259145858709923
92223,-3.25895174223784
92224,-2.1212770298814787
92231,-0.3042493396429674
92232,-3.6236198418335768
92233,-2.7824458291599674
92234,-2.309322189060487
92241,-0.23970155039349195
92242,-0.1200000000000001
92243,0.5
92244,0.5
92251,0.28974412038350844
92252,-0.4109547614254554
92253,-0.46937444585577737
92254,-0.36770931326941525
92261,0.18981652949370986
92262,-2.736273969658381
92263,-3.2716169851984898
92264,-2.7700303347161657
92311,-5.603835343051313
92312,-4.317975763544675
92313,-3.441973026982271
92314,-1.1920530395965498
92321,-4.679638966484125
92322,-4.154251219684539
92323,-4.002554495362139
92324,-4.836131179337244
92331,-2.680544526288062
92332,-1.6672804506090877
92333,-2.7137282388620765
92334,-1.2660131887094732
92341,0.27999999999999997
92342,-1.0092416000000002
92343,0.23804159999999996
92344,0.3641384509040375
92351,-0.20598390422192908
92352,-1.26528
92353,-1.8766481626684155
92354,-2.070537452281915
92361,-2.761563869077527
92362,-3.8205070708881212
92363,-4.411361565677723
92364,-1.9312018803639146
93111,-3.9191160892172925
93112,-1.2161818820906467
93113,-3.7545447404143637
93114,-1.9838429797811732
93121,1.6494718071367886
93122,-0.5003608239961639
93123,0.8597836305631626
93124,-0.294174654780393
93131,-0.09404173448076036
93132,-0.24995306654450594
93133,-3.3686523406054576
93134,-1.3024623990341633
93141,-1.05
93142,-1.0950000000000002
93143,-2.55
93144,0.405
93151,-0.7520193155050511
93152,-0.6071922484351406
93153,-0.04800000000000004
93154,-0.33040737482870675
93161,-2.864338038263876
93162,-2.1185753804446317
93163,-2.8115068283652698
93164,-2.2384102667851966
93211,-3.4375279134403627
93212,-4.126884645586637
93213,-1.8078259331373945
93214,-3.344333532940431
93221,-1.0716797376483624
93222,-2.1593681189447427
93223,-2.2962795312216824
93224,-2.4843959861616183
93231,-2.2234274439267137
93232,-2.3551012658862716
93233,-1.5297293583951062
93234,-2.796695276975831
93241,-0.6477736863044146
93242,0.20140825572083365
93243,-0.7050340821147325
93244,0.48
93251,-0.52
93252,-0.16425853753763758
93253,-0.25262757250134404
93254,-2.2896858265425255
93261,-2.8482710732633807
93262,-3.220176644237151
93263,-2.406069992279578
93264,-2.997930966640636
93311,-2.4998307089285805
93312,-2.7342105292629686
93313,-2.832523466526794
93314,-1.0448391460074467
93321,-0.5437096228708422
93322,-5.746190606252897
93323,-2.6484144561410368
93324,-3.8187172665642777
93331,-3.1144365308750013
93332,-4.111993154429893
93333,-1.5321201137517635
93334,-4.0150724431504505
93341,-1.1309954553928634
93342,-2.6418687999999997
93343,-1.103009490734824
93344,-0.28051206045696003
93351,-2.3424388408078194
93352,-3.3402131579074834
93353,-3.0351848755449
93354,-1.2738040775681874
93361,-2.2235596985773856
93362,-4.254555791766531
93363,-2.901085132417794
93364,-2.8736111887849574
94111,-1.418625265984067
94112,-2.7615658770282
94113,-2.1875051586139906
94114,-0.2893802489654032
94121,-2.2133855841979178
94122,-0.9631060141056003
94123,-0.7006858564396853
94124,-0.5967354196903523
94131,-3.09508
94132,-2.9224514987148407
94133,-1.623653585565599
94134,-1.3289611363361875
94141,0.5
94142,0.5
94143,0.5
94144,0.5
94151,-1.145613998944578
94152,0.011999999999999955
94153,-3.7722621296126984
94154,0.8884637763279938
94161,-1.5419702926950403
94162,-1.4346999951645811
94163,-3.9020356206333275
94164,-0.39675721064772806
94211,-2.684571253347947
94212,-2.3034135641697326
94213,-2.302453911745283
94214,-2.609704162422532
94221,-2.6191233319242353
94222,-1.946224180497661
94223,-1.5721604938102463
94224,-3.545797665268675
94231,-2.7813674275200717
94232,-2.057104183880913
94233,-0.3039383504436424
94234,-2.310144604810887
94241,-0.5542800000000003
94242,0.7224343612322113
94243,0.5
94244,0.5
94251,-0.9888618061579585
94252,0.5172159302860799
94253,0.2546862464736565
94254,-0.3096792151730265
94261,-1.3886651478496048
94262,-1.8520386425386617
94263,-1.0292990572215641
94264,-1.3872073844984034
94311,-2.942350457752376
94312,-1.7330062512203357
94313,-0.9267114559047137
94314,-2.5096432644390374
94321,-3.2962401707571876
94322,-2.8525622135843123
94323,-1.0046232760170415
94324,-3.0904569680001606
94331,-3.6060831122708694
94332,-1.7801106898134946
94333,-0.3044898470240481
94334,-2.141967330138861
94341,-0.52
94342,-0.24060159999999997
94343,-0.24435433330529321
94344,-0.2750831172952404
94351,-1.6715535784635298
94352,-1.2135442836964017
94353,0.23096497945975847
94354,-1.6468698332312206
94361,-3.5248180777766622
94362,-3.9618847366028747
94363,-1.3436920054244976
94364,-3.4027952653808664
