11111,-8.11034751932665
11112,-6.666642561459904
11113,-3.5069985020914727
11114,-7.381817283023013
11121,-9.827197973663946
11122,-7.461575682807262
11123,-9.610993088970972
11124,-11.346158691932784
11131,-5.369363546594951
11132,-6.080639112366702
11133,-5.273169278851826
11134,-5.549620457271958
11141,-0.3672858554340521
11142,-0.9500976728827006
11143,-0.15959890587817283
11144,0.09872611985607227
11151,-4.878951776567268
11152,-4.7669373365598675
11153,-4.853995810401526
11154,-3.84363235387225
11161,-7.692319562667071
11162,-7.479394450296056
11163,-1.2181596841299902
11164,-11.112263338252994
11211,-2.084746942084111
11212,-2.7127982753047855
11213,-3.103135123655755
11214,-2.7822705736706026
11221,-2.0615299019423636
11222,-2.3691759059191946
11223,-2.151114159669316
11224,-1.9449179453409073
11231,-1.8643140726544405
11232,-1.8003320848604352
11233,-1.9371319089004357
11234,-1.4464609143149434
11241,0.24598421970593765
11242,-0.605
11243,0.3147996684123087
11244,0.28591370250000026
11251,-0.7128234327438732
11252,-1.0307064956350735
11253,-1.5108389870755827
11254,-0.9923597387732731
11261,-2.021736733882892
11262,-2.5170882781592208
11263,-2.667881021359041
11264,-2.8986895966354664
11311,-1.7267402404059637
11312,-1.7306300483633221
11313,-1.9847026525752631
11314,-0.7993807880345931
11321,-2.7180398420641505
11322,-2.6521083438468844
11323,-1.5456032735596543
11324,-0.35848870557147344
11331,-1.2865029026097219
11332,-2.289494622749343
11333,-1.2350952245975302
11334,-1.7570411084525237
11341,-1.015267172478949
11342,3.3453766963695113
11343,0.5
11344,0.5
11351,0.18994841476358687
11352,-2.131932767016988
11353,-1.0142719507608051
11354,-0.9255135153904002
11361,-0.8454998332129532
11362,-0.5226230907640816
11363,-1.1824904223787336
11364,-0.5856490608171825
12111,-8.123203036480717
12112,-9.817139672817277
12113,-5.172754113119331
12114,-9.437074355391086
12121,-10.25259305886138
12122,-10.630195969208726
12123,-5.492615762376686
12124,-10.123588521797142
12131,-6.6676735652789905
12132,-8.03129352530457
12133,-7.394503673694009
12134,-8.164278302479069
12141,-1.3746665922702967
12142,-1.7199660381493187
12143,0.18795827332346576
12144,-0.17261525814977408
12151,-6.807045412579461
12152,-6.953277570769415
12153,-4.987128072426583
12154,-8.852927337793533
12161,-11.734231983758272
12162,-6.611844157427195
12163,-8.22787909157875
12164,-8.280363417432518
12211,-0.8549147521328608
12212,-3.008533454698971
12213,-2.1335849767265023
12214,-2.8908023960874702
12221,-2.969912553473951
12222,-2.804111239155507
12223,-2.8991756215594493
12224,-2.8967805896355125
12231,-3.435177739847171
12232,-4.020550684173001
12233,-4.333846330320755
12234,-1.5901494793078048
12241,-0.10905870276769258
12242,0.22620445859418517
12243,-0.5728711878460725
12244,-0.09749999999999992
12251,-1.8598096534879522
12252,0.05505719574337431
12253,-1.9570606540954087
12254,-2.4843941340829176
12261,-2.8154300420902736
12262,-3.5873135058406906
12263,-3.274755468774479
12264,-2.714500456027142
12311,-0.5372940992945184
12312,-2.116034701420517
12313,-3.620506425735868
12314,-2.199568750467314
12321,-1.2642272063175497
12322,-3.30302089190251
12323,-2.326560513575524
12324,-1.9488563018546539
12331,-2.293882733579513
12332,-1.807636684215549
12333,-2.3551593040655177
12334,-1.089950231541088
12341,-0.24176387506772734
12342,0.1795558942242499
12343,-0.6065375886855726
12344,1.4720710501543903
12351,-0.23316832891469286
12352,-2.1472543385690517
12353,-1.1816750658257162
12354,-1.138431958766039
12361,-0.5180422438544987
12362,-3.3227369139005587
12363,-2.8337123413874563
12364,-3.5618952619290187
13111,-11.589040981191399
13112,-2.4254487521653547
13113,-9.488677875270094
13114,-11.772275265644565
13121,-12.409583851098061
13122,-4.620191128125783
13123,-11.129568084656167
13124,-13.961198597908988
13131,-6.077455936466123
13132,-7.821135266505095
13133,-7.392825827395855
13134,-9.911252234303383
13141,-0.889057332512006
13142,-0.900303084430175
13143,-0.11140799338980467
13144,-4.820966748670648
13151,-4.3435680396405845
13152,-7.967578312207538
13153,-7.840601688982493
13154,-10.880138144842851
13161,-9.984190178843832
13162,-6.833514988042897
13163,-9.757935745939406
13164,-9.284016664705547
13211,-0.7975012990129069
13212,-2.697789428918322
13213,-2.506632212022427
13214,-2.3964295136034393
13221,-2.3257871068562332
13222,-2.338635177925549
13223,-3.02308720527947
13224,-2.558739432269014
13231,-3.0623345780580116
13232,-3.717285719453777
13233,-0.9299785454093539
13234,-3.208450735110842
13241,-1.0123340662813978
13242,0.06450963419751149
13243,3.345175621566112
13244,0.14008419303233932
13251,-1.168428384584995
13252,-1.831676219975935
13253,0.5170024192502809
13254,-1.776895749363924
13261,-2.991145425627753
13262,-3.324449100549298
13263,-3.0753865907296944
13264,-1.4615428161415314
13311,-0.398513176057811
13312,-2.826500964029116
13313,-2.6008181607181946
13314,-2.0707554437240696
13321,-0.7644465868717659
13322,-3.3940418616869934
13323,-2.9942552596467973
13324,-3.1666936131577907
13331,-2.428948182931838
13332,-2.0066535289776612
13333,-0.3316289857171078
13334,-3.226363755114132
13341,-1.0642526068977456
13342,0.43354186080740564
13343,-1.132598644737299
13344,-0.8134369821542181
13351,-2.7999885054103086
13352,0.011637181183489997
13353,-1.6759007363666765
13354,-1.6982631948781888
13361,-0.8225252536494415
13362,-3.568811635117187
13363,-3.1450624392990028
13364,-2.7623856792437946
14111,-12.602777347403306
14112,-11.288544422400973
14113,-11.034504111447598
14114,-3.3394048912642957
14121,-12.482048680252847
14122,-12.508774250066057
14123,-6.2719991792920755
14124,-14.436476219821621
14131,-9.348788774435796
14132,-9.750216505509075
14133,-2.1776653568149236
14134,-8.805035507090604
14141,-1.3222492416133163
14142,-0.8051869866829946
14143,2.349351843809153
14144,-1.0177736677542026
14151,-8.539154721245252
14152,-10.963254227381627
14153,-1.7472211288967314
14154,-8.904773051081786
14161,-5.813303550624477
14162,-7.909376218903001
14163,-8.014849265267145
14164,-9.69521872835619
14211,-3.10511428890796
14212,-2.3236829171485995
14213,-0.9420214203414584
14214,-2.025628582218842
14221,-2.9090135624483473
14222,-0.988975291871871
14223,-1.6732965214381796
14224,-3.5948368897351863
14231,-0.7552146787127043
14232,-2.435139309024296
14233,-2.5353360089659978
14234,-2.591425364443923
14241,-0.8975000000000002
14242,0.39675163313870687
14243,0.4511713933558484
14244,2.2539757640326106
14251,-1.1833430143800494
14252,-0.4739036931839188
14253,-1.3802999857211873
14254,-1.2555784270914347
14261,-1.9454921766271382
14262,-2.228934089002763
14263,-2.246642345194114
14264,-2.415621876046131
14311,-0.6005090162522625
14312,-2.8162339563847
14313,-2.4085141438868165
14314,-2.1608731771236673
14321,-1.866045176898052
14322,0.6037402781512335
14323,-1.3199895775086214
14324,-1.7715719581130134
14331,-2.0523890371344864
14332,-2.1804932347068195
14333,-2.2564342648696982
14334,0.5067932832051799
14341,-0.051855374276299826
14342,0.3967903068497794
14343,-0.15450777626364331
14344,-0.9052527981012441
14351,-0.8308524287030299
14352,-0.1893534104226231
14353,0.7741937394476939
14354,-0.16023268535040347
14361,-1.68292133836704
14362,-1.3297624542321982
14363,-0.6175256249452737
14364,-1.9616235479510635
21111,-7.817684334050993
21112,-5.208060520442668
21113,-1.5897801900802087
21114,-8.348203132290912
21121,-3.1842782705254313
21122,-5.7143679033112145
21123,-5.355896287120819
21124,-6.4523169523308646
21131,-4.660070686981632
21132,-4.007270071279058
21133,-0.5505925392027555
21134,-4.0075272861677975
21141,-0.5076096828279073
21142,-0.4653894752948877
21143,2.47427647034468
21144,-0.7613562538878815
21151,-2.9801527936221808
21152,-2.861466739710412
21153,-2.636968186454708
21154,-3.013854002565248
21161,-0.1298585529973916
21162,-3.827152407160491
21163,-5.636062013334694
21164,-6.554971056805343
21211,-2.928668363119781
21212,-1.557802694774717
21213,0.6298771515862811
21214,-1.881943592801404
21221,-1.430120139408026
21222,-1.230127898346892
21223,-1.627695918472122
21224,-1.964134611720162
21231,-0.2881276291782011
21232,-2.3188462332740345
21233,-1.8510413835573547
21234,-1.7506336723102387
21241,-0.7437031686252007
21242,-0.2706567163652944
21243,-1.852182600337342
21244,-0.42029601434731173
21251,-0.6558050024876444
21252,-0.8253528569388017
21253,-1.7846801037386424
21254,-1.1191838993473102
21261,-2.900615378899722
21262,-3.1555634309242526
21263,-2.580806691883945
21264,-1.1047968568327569
21311,-0.5417738638609949
21312,-0.8005744648140481
21313,-1.6384689235041172
21314,-1.6097647379751092
21321,-1.3381356319088948
21322,-0.392878258160241
21323,-1.1253555868750127
21324,-1.868850248107346
21331,-2.616794021727067
21332,-2.513533024517648
21333,-0.007439722836170365
21334,-2.6279968671643585
21341,0.5825687664261535
21342,0.5
21343,0.5
21344,0.5
21351,-1.123716515447064
21352,-0.6507700973062287
21353,-0.7752393768769261
21354,-0.8842331192586508
21361,-1.3271932929399406
21362,-1.3456799222254363
21363,-1.4100371606055742
21364,-1.7099656800962306
22111,-2.3809461429972028
22112,-9.852393094823025
22113,-7.879298558529389
22114,-7.4047806088129695
22121,-6.091212288739894
22122,-9.405128234918148
22123,-7.048916464230777
22124,-7.021552382181153
22131,-4.648096447243585
22132,-4.902674167702198
22133,-1.1609944679528177
22134,-5.879955456036016
22141,-1.319508956908497
22142,-1.4393282513318157
22143,2.971337617305152
22144,-1.1701124479044562
22151,-3.4506658094614897
22152,-1.4008708653724045
22153,-2.979740756066839
22154,-4.524668877338379
22161,-2.3873355084464207
22162,-8.00860247863929
22163,-6.0917375375935965
22164,-7.487354402170737
22211,-2.24194406685167
22212,-0.1204516616979443
22213,-2.265032496289297
22214,-2.468408824156366
22221,-1.7164822020139874
22222,-2.694457191363481
22223,-0.908658567292226
22224,-1.6895390930621677
22231,0.5487041107387229
22232,-2.2215781862259645
22233,-1.7026294849619574
22234,-1.7274014291124355
22241,-0.5129766421999997
22242,-0.55
22243,0.28435678105320417
22244,-0.3411986612274334
22251,-2.3820122171826004
22252,-1.2741892273487314
22253,0.47653585165120027
22254,-2.0272632184121
22261,-2.04968955423177
22262,-2.004111118316958
22263,-0.26778341926916677
22264,-2.6838446634322723
22311,-0.3069402720688115
22312,-3.019238217476451
22313,-2.546500407083382
22314,-2.7432239544517087
22321,-1.6235497794483356
22322,-1.6913852996698509
22323,-1.5805619253999437
22324,-0.6456034819444785
22331,0.7589125171896498
22332,-2.273233919351768
22333,-3.4463090207480027
22334,-2.026073241485077
22341,-0.08087485
22342,0.9633570372651937
22343,-0.8744500000000002
22344,-1.321663941838974
22351,-1.358930714132908
22352,-1.6882974832643
22353,-1.14455653704201
22354,-0.7747138982199433
22361,-0.885387221988271
22362,-1.9593051006358857
22363,-2.2623393289789844
22364,-2.3433419062393686
23111,-4.066315100484565
23112,-1.3070305448069393
23113,-8.517037551387649
23114,-7.099809264358049
23121,-8.571149129930006
23122,-9.985863224854551
23123,-2.4992961394336475
23124,-8.720868929545032
23131,-5.5056820700649265
23132,-6.01080495405269
23133,-0.8277744470126472
23134,-5.089081175042822
23141,-1.8134488825721633
23142,-0.5254460202887596
23143,1.5266264878868614
23144,-2.642906228250867
23151,-5.626617768999131
23152,-5.896299614434013
23153,-1.2122658044854024
23154,-7.8228764187754525
23161,-7.299499304002548
23162,-1.8367630041989136
23163,-7.106605689288108
23164,-8.573993001199037
23211,-2.153972419519243
23212,-0.34431538919059596
23213,-2.0678336673241295
23214,-1.7379813532289927
23221,-3.5034764220594274
23222,-2.177040455984774
23223,-2.345210951266467
23224,-1.2959418415973012
23231,0.45952553572609744
23232,-1.4764475480140407
23233,-1.4440134965797848
23234,-2.179254934533249
23241,-0.55118041800189
23242,-2.9293576867614792
23243,-1.39556383966782
23244,-0.512008864784775
23251,-2.46708515626651
23252,-0.17489779348283832
23253,-2.328495799263168
23254,-2.112493619423583
23261,-0.7111742926862825
23262,-2.1235620645198154
23263,-1.9221362906532822
23264,-1.8357544932430663
23311,0.27800651716531594
23312,-4.114198924620023
23313,-2.1525438269364203
23314,-2.3225999999999996
23321,-1.7854380971915842
23322,-1.8845965987327469
23323,-1.5314506102146244
23324,-1.5210742837530549
23331,-2.866128576153605
23332,-2.82246369920803
23333,0.05342654054135276
23334,-2.549070398852772
23341,-0.2127768687954592
23342,-1.4321000000000002
23343,4.778382639734239
23344,-0.23865146611563814
23351,-0.01210519846306455
23352,-1.8123235556338244
23353,-1.516874113619484
23354,-1.7347940492340734
23361,-3.0693388998466635
23362,-2.759531012615065
23363,-2.9599792844438406
23364,-1.5377574909148661
24111,-7.756459648588026
24112,-0.4757598967983858
24113,-8.919925486483145
24114,-6.453827297198667
24121,-8.689926892954325
24122,-9.028315802517998
24123,-9.932370406657068
24124,-3.096436726287213
24131,-5.784704463933864
24132,-2.0552264256467616
24133,-5.379885042087017
24134,-8.437887341682952
24141,0.6730838978327319
24142,-2.7793451616300575
24143,3.0335965677903682
24144,0.10273590862134578
24151,-6.675442749194641
24152,-6.17150856142501
24153,-0.7808352077923127
24154,-4.704364537470488
24161,-6.1612297345504
24162,-1.747524334207105
24163,-6.3571007950394645
24164,-6.421615383978856
24211,-0.10585714084650187
24212,-1.7184944967117741
24213,-1.9342656365000683
24214,-1.9831813672265577
24221,-2.577785677708916
24222,-1.7526537475519997
24223,-1.9146057672309698
24224,-1.3966277829436164
24231,-1.4601429418917402
24232,-2.8983635451587784
24233,0.41129334228756886
24234,-2.82137819295852
24241,-0.7238837057970259
24242,-0.050000000000000044
24243,-0.5759134843828075
24244,-0.4318217102211467
24251,-1.0505836671589903
24252,-1.0598701176668541
24253,0.27762137653364705
24254,-1.322648464098699
24261,-1.9785275345708055
24262,-2.008481338932905
24263,-0.9556085557150367
24264,-2.2253391443850252
24311,-0.1503833082637488
24312,-2.5247346342072277
24313,-2.4329874385414083
24314,-2.323780048771182
24321,-1.9411466732700555
24322,-1.7499967375101921
24323,-2.4542404401696754
24324,-0.16724497848996434
24331,0.9105921974316524
24332,-1.9846150822272735
24333,-1.9987867774303631
24334,-2.6538063931170455
24341,-0.050000000000000044
24342,-1.7260000000000002
24343,-0.5468409839000914
24344,0.5786774661723628
24351,-1.3264107419346274
24352,0.20538847029732898
24353,-0.8890990552204843
24354,-1.1347415076505327
24361,-1.0574819594057663
24362,-2.0916199193076928
24363,-3.1540046340571104
24364,-2.4544109091147996
31111,-6.8022013676265995
31112,-9.048074065304045
31113,-7.554696604427095
31114,-6.044497257808735
31121,-8.039701427309032
31122,-8.169762136711402
31123,-5.946921676254488
31124,-7.931469276982436
31131,-1.825204488589052
31132,-6.361492725964778
31133,-6.633862474801903
31134,-11.522332103565677
31141,-0.5676787652606717
31142,-0.8850289865021553
31143,-2.465237706607084
31144,-0.9413468246229392
31151,-1.3371954822509204
31152,-4.7542869992621055
31153,-4.062102540555012
31154,-3.7787453091345364
31161,-2.009764241966154
31162,-7.52218968132479
31163,-8.682521193843776
31164,-7.483559275512297
31211,-2.5145695897429126
31212,-2.4833469206063343
31213,-1.2285558037609006
31214,-2.6634574338264185
31221,-2.013275087635493
31222,-2.449840054395324
31223,-2.2549251964157166
31224,-1.6257371781765426
31231,-1.615841267047197
31232,-2.1190871369690902
31233,-0.007480960382894641
31234,-3.30887773599315
31241,-0.12250000000000005
31242,0.13917342977313618
31243,0.5788357176970638
31244,0.5
31251,0.14349555688691107
31252,-1.0750000000000002
31253,-1.87
31254,-1.895698862968395
31261,-1.6784029002120329
31262,-2.0007678974884673
31263,-1.6666416219006226
31264,-0.9944108498167785
31311,-1.8137188090060223
31312,-1.6568799904883762
31313,-0.5223004922302752
31314,-1.635206023694506
31321,-1.8438178803014087
31322,-2.412126530415819
31323,-1.6639329596677452
31324,-1.2886184069787086
31331,-2.0070078396853734
31332,-2.5925558859839875
31333,-0.7291754186972901
31334,-2.950931235910061
31341,-0.549319133758964
31342,-0.050000000000000044
31343,1.0807191858112741
31344,0.5
31351,0.5199871048595037
31352,-0.9345622769753273
31353,-1.1391245938850925
31354,-0.9683148516818959
31361,-1.2792963393333106
31362,-1.9226624257107914
31363,-1.2663355741593199
31364,-0.5910313555276017
32111,-10.280827372566574
32112,-10.407387243765049
32113,-3.155444534948105
32114,-8.19697561008379
32121,-10.76201322789783
32122,-6.520420313337759
32123,-11.397794389975662
32124,-15.838787896906302
32131,-7.174318223101522
32132,-7.643670380276469
32133,-6.344370717020979
32134,-2.699607448607293
32141,-0.01455632068191981
32142,-1.2031894459049484
32143,-1.0671444992648997
32144,-0.5435802194180605
32151,0.36984745451090073
32152,-7.263761438991196
32153,-6.2642425053345905
32154,-6.775402637900916
32161,-7.555746326308298
32162,-7.4064346832847665
32163,-2.6049242787092655
32164,-8.014442307014551
32211,-2.4877581542927003
32212,-0.7227865549805954
32213,-2.50753606800486
32214,-2.7685239628911558
32221,-0.9481987290024612
32222,-2.897919954815956
32223,-2.204225892794693
32224,-3.6944396255321252
32231,0.0022855451342175537
32232,-2.7516241593203734
32233,-1.951196187595378
32234,-3.2302118992478297
32241,-0.06451267496768781
32242,-0.8226045508936957
32243,-0.3864458421740996
32244,1.7365631030435145
32251,-0.9288044213277774
32252,0.2947761262056716
32253,-1.3090806524564753
32254,-0.9077304346853591
32261,-2.5980990300893243
32262,-3.5539477611333607
32263,-2.8825167833344096
32264,-0.832029522999224
32311,-0.4703897485563892
32312,-3.357639233200888
32313,-1.71963190138599
32314,-2.04211694563475
32321,-2.418271403234902
32322,-2.2907689692873223
32323,-1.0313844773423024
32324,-3.3782737312428512
32331,0.23598952362163522
32332,-2.1431454912080192
32333,-2.921811680456485
32334,-3.019107938616969
32341,-0.938268624
32342,-2.0628041903999996
32343,0.25875484696013706
32344,-0.6458149653550784
32351,-2.0233486204252777
32352,-2.730444082578164
32353,-1.7631488291264972
32354,-2.3928499395222835
32361,-2.5127205616249135
32362,-2.7479999999999998
32363,-2.1154595049572813
32364,-2.9575174198639544
33111,-12.62033179536491
33112,-13.755273601715746
33113,-4.295867059787993
33114,-11.982343266739507
33121,-9.882077222121925
33122,-5.001618992637525
33123,-10.052767399812776
33124,-15.788525065300334
33131,-6.033066873819364
33132,-1.7940287744964902
33133,-6.392529759695495
33134,-5.966858424561335
33141,-0.3577844105423389
33142,1.3523732764497902
33143,-0.5074853145553433
33144,-2.572410584724368
33151,-0.9885501082835261
33152,-6.122583171477282
33153,-6.437428622228207
33154,-19.01530671670985
33161,-8.611302275832191
33162,-3.3295641605066857
33163,-8.796951253935159
33164,-10.18153153521397
33211,-2.182676038937174
33212,-2.668519316625164
33213,-0.14729355831796953
33214,-2.600978218322405
33221,-3.0604150820587437
33222,-3.6262610705908873
33223,-3.3641145431160746
33224,-2.9011453185011042
33231,0.6447282803598142
33232,-3.204887442073878
33233,-4.305799634886208
33234,-3.837711763263262
33241,-1.223801041959515
33242,-1.205869595041362
33243,-0.9345217263843516
33244,-2.08781350184917
33251,-2.0815047287586688
33252,-1.9468570561353467
33253,-1.9690600484296186
33254,-1.9437619520231997
33261,-1.1108776470404738
33262,-3.798217892231489
33263,-3.4097870402455923
33264,-3.4023112399455133
33311,-0.41936603509839765
33312,-2.268309993581192
33313,-3.057144317436275
33314,-4.200794041142753
33321,-3.4293229014013944
33322,-3.5360774052372888
33323,-3.443306368004359
33324,-0.0037203788002394544
33331,-0.16074851421699732
33332,-2.107946388020235
33333,-3.1643321610495554
33334,-2.9331306535277566
33341,-0.7197351934483782
33342,-1.05
33343,0.24061195829355825
33344,-0.98
33351,-3.239178957803931
33352,-1.5861145012201028
33353,-2.5383626048436314
33354,-2.662929849247922
33361,-0.2893754017000946
33362,-3.220400362206193
33363,-2.452169209212686
33364,-2.8909170963210236
34111,-11.904918252268656
34112,-9.435293690052752
34113,-0.3529111448313372
34114,-13.965183611643255
34121,-15.141464987248844
34122,-11.586493921197647
34123,-10.072831923138942
34124,-7.188596271374165
34131,-5.153161763259067
34132,-9.845862339578463
34133,-8.501725729468507
34134,-8.305710138475023
34141,0.02042205659969043
34142,-0.9651975304612899
34143,-3.204099057349834
34144,-1.874575215468631
34151,-7.109135497340062
34152,-7.542927297271562
34153,-0.27948674981512633
34154,-12.528802026840268
34161,-10.764554147546644
34162,-9.5920522319658
34163,-6.254526614401056
34164,-10.313834780947497
34211,-2.338748348235097
34212,-2.280532605918226
34213,0.2310738707270955
34214,-2.3522623254907558
34221,-1.7123749288080217
34222,-2.0678749675911337
34223,-1.4847663453407816
34224,-1.2518484895156097
34231,-3.50442997450246
34232,-3.5933859516117317
34233,-2.9945849907242534
34234,0.49725436845868065
34241,-0.5348559965292866
34242,0.9051431775165265
34243,-0.4413525660635613
34244,-0.08653875499900687
34251,-0.9993510246533431
34252,-1.8515157127698456
34253,-1.9039480631356667
34254,-1.546205099613954
34261,-3.2107053589714827
34262,-2.4508438844237332
34263,-2.7609502167902074
34264,-2.120644562962249
34311,-2.561627304186307
34312,-2.2786435687992515
34313,-3.0260485683372207
34314,-0.0931822566709215
34321,-0.32717929261479206
34322,-4.193872307628863
34323,-1.7628542036418717
34324,-3.9195595292334953
34331,-2.504206947223307
34332,-0.3350595644087123
34333,-2.7560433225281327
34334,-2.6387940122655262
34341,-0.050000000000000044
34342,-0.46365148571000003
34343,1.1593057874398534
34344,-0.18224887382312838
34351,-1.2647497218578363
34352,0.6954399489756459
34353,-1.1007684874380002
34354,-0.6293492102577011
34361,-1.4084184940420617
34362,-2.6935382360245117
34363,-3.1626561871611543
34364,-4.008504713690334
41111,-3.103468217793074
41112,-4.291054278623588
41113,-6.058787213462711
41114,-6.201265770304708
41121,-8.987845331197349
41122,-4.01391231043408
41123,-8.200024551757704
41124,-7.984034698840302
41131,-5.839855534174713
41132,-2.8079292502690407
41133,-6.11116541362282
41134,-8.33565359749495
41141,0.31263214212689605
41142,-0.5984942885179425
41143,0.4185583232522151
41144,0.42629223689641915
41151,-2.806631883115564
41152,-2.9636933983087403
41153,-1.4386077161356023
41154,-7.332260794301373
41161,-4.806379956997669
41162,-4.594509217833346
41163,-0.8276527555158494
41164,-4.922465920326305
41211,-1.954258482878872
41212,-2.469462186359552
41213,-1.040219348497602
41214,-1.6068309223752635
41221,-2.2793689755311695
41222,-1.7731021536955862
41223,-0.8198673377147205
41224,-1.8485472846718523
41231,-3.5361921193761097
41232,-0.41707683173084287
41233,-2.287181174470583
41234,-1.941789824720482
41241,2.3001777058285766
41242,-0.04290279914499806
41243,-0.5750000000000002
41244,-0.11610237254386119
41251,-1.189760220283111
41252,-0.8065723716364332
41253,-0.02636486632068913
41254,-0.8778549996479299
41261,-3.770883832887192
41262,-2.7543213123155974
41263,-2.200255171484025
41264,-1.8522045107917358
41311,-1.1419370168647838
41312,-2.6375206652798395
41313,-2.211991904981013
41314,-1.8885366191844717
41321,-1.6934027157762834
41322,-1.6442987304360441
41323,-1.2208678835063842
41324,-0.9866485351630807
41331,-0.09937010355234893
41332,-1.7098944248589538
41333,-1.561689961122759
41334,-1.2440383961066548
41341,-0.1045943522891824
41342,-0.06999999999999995
41343,-0.13651674122996094
41344,0.08870301831128768
41351,-0.7647245474100666
41352,-1.033520463080709
41353,-1.243587908252446
41354,-0.6550131668490886
41361,-1.3537184625197223
41362,-1.0647794778295925
41363,-1.3624123642171988
41364,-1.0322394188279729
42111,-7.342194358538588
42112,-8.216634419785418
42113,-1.6109512179004333
42114,-6.391108100238345
42121,-11.357110695095962
42122,-7.746118079114591
42123,-5.978384175354872
42124,-8.927441444665888
42131,-5.115598775161397
42132,-0.4441720795906742
42133,-4.497411582522311
42134,-4.489806947403734
42141,-0.34754414352629454
42142,-0.5086975106325307
42143,-0.9465751877428934
42144,-0.23304026586395846
42151,-4.320336357206928
42152,-4.271130390841503
42153,-2.541629335690141
42154,-4.879081489947459
42161,-2.8124572800827097
42162,-7.743217082728053
42163,-6.616642236956029
42164,-8.606199271144096
42211,-3.0482704298003567
42212,-1.881266028268418
42213,-2.0537966407679757
42214,-0.869087732639581
42221,-2.790313963150527
42222,-2.389096864306586
42223,-2.306482436866002
42224,-2.5486826424570608
42231,-2.4422587847752686
42232,-2.17010455928855
42233,-2.0539659604227936
42234,-0.2598389221898706
42241,-1.3479386309952333
42242,0.5945084748875796
42243,-1.575
42244,-0.525214530409984
42251,0.9749268801801383
42252,-1.6822762542837708
42253,-4.18062955273326
42254,-2.1091246273266133
42261,-0.8876962728098665
42262,-2.3111742273041322
42263,-1.7665031574008063
42264,-2.229911849107144
42311,-3.5935066880430533
42312,-3.186209578824828
42313,-3.3600594747288772
42314,-0.8135006593587745
42321,-1.6817100663771591
42322,-1.6488620888066114
42323,-2.391430624691791
42324,-2.2268187828804415
42331,-2.87234267338624
42332,-2.2326626258199376
42333,-2.630797993691113
42334,-0.903491282029595
42341,1.4170300809834822
42342,-0.2400193544137168
42343,-0.2412944615217506
42344,-0.3566436749112205
42351,-0.1955334795228405
42352,-0.8806682170768723
42353,-0.7997172430511144
42354,-1.0125793303321384
42361,-2.3954937678575
42362,-1.9224509141398578
42363,0.7229011469595854
42364,-2.5679864125656433
43111,-4.047945363492156
43112,-7.630195943752448
43113,-7.027148791273469
43114,-8.290774070542248
43121,-9.718776347104374
43122,-9.738735244138994
43123,-5.3998851261845
43124,-10.316647085017143
43131,-5.303774341550558
43132,-5.327020482078458
43133,-5.012762367290178
43134,-8.340136183395494
43141,-1.6911136196371626
43142,-5.808772297178973
43143,0.14855762106791667
43144,-3.4223363718941675
43151,-7.629047049289104
43152,-8.554087768387205
43153,0.2230864283967896
43154,-8.44673623177518
43161,-9.358703584194794
43162,-2.800155379674852
43163,-9.209613921596892
43164,-10.346079031105159
43211,-2.3784807549647793
43212,-2.630483923886323
43213,-2.583966361309259
43214,-0.9864475636297783
43221,-3.3775360912416814
43222,-3.628834894971939
43223,-3.6147948581083678
43224,-2.4522862130874743
43231,-0.5099064565796205
43232,-5.939078133961148
43233,-1.9433262892953962
43234,-1.6804457743379773
43241,-0.7429880850747452
43242,1.2211565332107976
43243,-1.5295272187239495
43244,-1.2681769247916428
43251,-1.641516990449426
43252,-2.4942732499968066
43253,-2.1957097823351086
43254,0.472223001477857
43261,0.19255088301494677
43262,-2.2689028530930364
43263,-2.668281657367709
43264,-2.782953089825864
43311,-2.2097300017765846
43312,-2.6985321806481775
43313,-0.8250960552517337
43314,-2.9285343672302204
43321,-2.781683298963316
43322,-2.4326638743899442
43323,-1.9796063868897886
43324,-2.957111267919843
43331,0.013519658874759505
43332,-2.490114185403273
43333,-3.225171543090542
43334,-2.8859031472710077
43341,-0.6214151980851106
43342,-0.2516919277580746
43343,0.05043212959942678
43344,-0.11488989417956064
43351,-0.37033588111256144
43352,-2.419651452160599
43353,-2.205664685327745
43354,-1.279290281686415
43361,-2.065795947244502
43362,-2.995019429763036
43363,-1.8364118866938581
43364,-1.4561385824923667
44111,-12.498162089661019
44112,-8.88499121496462
44113,-3.923553131499591
44114,-9.90346770706258
44121,-10.57712784890795
44122,-10.656712888922529
44123,-10.127679207481156
44124,-12.291669146669093
44131,-2.2838140530371267
44132,-6.510180902025104
44133,-7.290729732231744
44134,-6.625220139747712
44141,-1.9853964352048958
44142,0.5146568717633371
44143,0.2879236740587259
44144,1.9203810973485755
44151,-5.333887026100141
44152,-5.786014029156474
44153,1.3534889086816264
44154,-5.040722498134977
44161,-10.200834141958271
44162,-10.753252889584793
44163,-1.8363452644155267
44164,-11.112636401329986
44211,-2.802575795765036
44212,-2.053748063991138
44213,-0.5110522338771389
44214,-2.5670471292801347
44221,-2.2117700148553343
44222,-2.2866262010310296
44223,-2.6524514299686426
44224,-2.195320450016276
44231,0.4427568403256332
44232,-1.8244362412664563
44233,-2.0043754425025306
44234,-3.1410971194244315
44241,2.394957139668364
44242,-0.10636907200858814
44243,-0.8499663518395575
44244,-1.3831511781115453
44251,-1.2323536146609002
44252,-1.5598564639846577
44253,2.9497797151494742
44254,-1.5677273412646389
44261,-1.514076458396222
44262,-1.9563348608144806
44263,0.05448353709929854
44264,-1.772854572185878
44311,-2.1414471425498984
44312,0.23091304636636845
44313,-1.9099320345760675
44314,-2.0902484837536512
44321,-1.2968937223733996
44322,-1.4981693484722882
44323,-1.5714707011563132
44324,-0.747276940932428
44331,-1.2894700611642411
44332,-1.2594860166680721
44333,-0.09215909366486813
44334,-1.6031300755566622
44341,0.13
44342,0.4524495739952635
44343,0.18118919311043502
44344,0.5
44351,-0.7040658184393965
44352,-0.9236631619420985
44353,-0.056311423164077556
44354,-0.896868211640224
44361,-0.9730468174988984
44362,-1.3573164329301224
44363,-2.0749999999999997
44364,-1.7783700898264234
51111,-3.0837407248951463
51112,-3.16475061882798
51113,-2.149330305518577
51114,-2.867293326021008
51121,-5.44715731862909
51122,-3.135726951891502
51123,-2.430587126304898
51124,-3.5233319342116465
51131,0.5744936849386559
51132,-2.1993211770146504
51133,-2.2837751020379335
51134,-2.1720540625006373
51141,0.8564631479137184
51142,0.9271781287094503
51143,0.34362368
51144,0.8350630445706457
51151,3.3673072802137454
51152,-0.29611636872627284
51153,-0.6856640110713423
51154,-0.3310764728688226
51161,0.27189439554796174
51162,-4.396189819869016
51163,-3.0037479932859905
51164,-2.663811605851375
51211,-2.038177988342257
51212,-1.2388175371395898
51213,0.1308344237042185
51214,-1.5216507410037647
51221,-1.610687360423571
51222,-2.095888002117866
51223,-1.1288006020131542
51224,-1.9962338987635044
51231,-1.3971223200147351
51232,-0.9625551184788674
51233,-1.4701418818201546
51234,0.9375289488948144
51241,-0.7569800085329907
51242,-0.47123568216871387
51243,-0.34968912452768514
51244,-1.0612654392063487
51251,-1.1667833566910826
51252,-1.240171829808579
51253,-1.232886208292492
51254,-0.2599451312410531
51261,-1.9340575775463367
51262,-1.3911624494971733
51263,-1.4554162538082562
51264,-0.17927235507952527
51311,-1.0798977781167478
51312,-1.1059205177347822
51313,-1.317153336644333
51314,0.34581659676860865
51321,-0.7277981977254582
51322,-0.5108401654577119
51323,-0.026071945269499602
51324,-0.547760501254134
51331,-1.0729355361248851
51332,-0.24953934602792976
51333,-1.0143832316433627
51334,-1.0191221305187281
51341,0.9921388635730548
51342,0.5
51343,0.5
51344,0.5
51351,0.04115123172044044
51352,1.1591694852295962
51353,0.5
51354,0.5
51361,-0.252674371697013
51362,-0.7601134224428885
51363,-0.3645887751743211
51364,-0.7782957174042819
52111,-3.3096145991232766
52112,-2.2502616709688215
52113,-2.024352718535299
52114,-1.2056200964978454
52121,-2.8955993051254953
52122,-1.7462793204011298
52123,-3.019054726327227
52124,-3.055909598500734
52131,-2.234550153925243
52132,0.35928402791811515
52133,-2.5579453411045314
52134,-2.701468510694289
52141,0.4465264284253792
52142,1.127091967128111
52143,0.651808
52144,-0.1192601021455415
52151,-0.7766994988109392
52152,-0.6258914514565861
52153,-0.5406512277664532
52154,-0.7827593062206449
52161,-2.6204588541285396
52162,-2.698995663328997
52163,-2.4838982047848717
52164,-0.30868604715770004
52211,-1.4702650740616559
52212,0.602458928689411
52213,-1.0326360933126795
52214,-0.666411984725817
52221,-0.6520633729518535
52222,-2.082578753321777
52223,-2.0282961454462347
52224,-1.9998018812950917
52231,-1.4041624300442292
52232,1.1072964426579714
52233,-0.9683136494560652
52234,-1.511683821473598
52241,-1.0567855127008996
52242,0.35559083891001425
52243,-1.0641833836912817
52244,-1.4121118114893174
52251,-1.3162306432036326
52252,-1.1278656070746016
52253,-0.9501811464645578
52254,0.2800353863106937
52261,-1.0606013117682176
52262,-0.08268973261605292
52263,-1.7892752945286066
52264,-0.2879777129491835
52311,-0.6909248230383268
52312,-1.7037759470776295
52313,-1.9062439814819256
52314,-1.6667926825776151
52321,-1.7242284412786302
52322,-0.6423409622623181
52323,-1.480305161525909
52324,-1.1849067442170829
52331,-1.9609818683340694
52332,-1.3965239844586352
52333,-0.05524265803985118
52334,-1.5887763432977682
52341,0.3752573783299631
52342,0.27782914658067825
52343,-0.050000000000000044
52344,-0.18090789090446802
52351,-0.21580514816470064
52352,-0.4871479416574418
52353,-0.3552378297524209
52354,0.13261154415984638
52361,-0.3361699658069213
52362,-1.7359789183344752
52363,-1.5805836279350793
52364,-1.587386710101733
53111,-3.598049025991404
53112,-2.489267528838928
53113,-1.939036779384361
53114,-2.0918749390136457
53121,-3.3168372343276147
53122,-3.0509269271912585
53123,-3.5531517661011125
53124,-3.154272557327075
53131,-1.7562108659181823
53132,0.9350274379815513
53133,-2.8796494346770793
53134,-2.7452027424784973
53141,0.45
53142,0.7370211416599136
53143,0.4124284570059584
53144,0.4456940554723674
53151,-0.13263737413313656
53152,-0.4922169520791372
53153,-0.5475021243577598
53154,-0.3025519129380251
53161,-2.7719889831018447
53162,-0.6545214410055107
53163,-2.0428361537299846
53164,-2.359147915415696
53211,-0.42938029137116085
53212,-0.7177845792896946
53213,0.21034512865431604
53214,-0.796071191420217
53221,-1.6124583891280373
53222,-1.9459715156038024
53223,-0.3819756193880539
53224,-1.9263352055591958
53231,1.4767055794114305
53232,-0.5392883073610422
53233,-1.0180436695108293
53234,-1.339971751119248
53241,-0.9534872867660252
53242,0.4474974169086234
53243,-0.8428371007021304
53244,-1.043300020200625
53251,-1.1792363827364916
53252,1.3023330364762997
53253,-1.5493050243352429
53254,-1.5240380439525567
53261,-1.015042428596036
53262,-0.008441469501617505
53263,-1.5328993111897515
53264,-0.9351637242532441
53311,-2.007360725592373
53312,-1.8500941217174722
53313,0.07559608766674458
53314,-1.838384207041031
53321,-0.8713515187999121
53322,-0.8540258149705116
53323,-1.3635406291858292
53324,-0.9166241741382329
53331,-1.3820900489422663
53332,-1.2419462660610519
53333,-1.3613396010796976
53334,-1.3310440720314045
53341,-0.050000000000000044
53342,0.5840418325181369
53343,0.5
53344,0.5
53351,-0.8211450044405949
53352,-0.692366789377573
53353,-0.6790377142408843
53354,-0.5969348962243509
53361,-1.5999318103590778
53362,-0.12746217305409116
53363,-1.3654473536686245
53364,-1.0189923305480775
54111,-1.3362522626781381
54112,-2.592504226733641
54113,-4.074897253242728
54114,-2.092602374191601
54121,-3.5346113314611944
54122,-2.5421873668144275
54123,-3.2247362840974274
54124,-3.506548469781578
54131,-2.6919179490309957
54132,-3.388046561715198
54133,-2.633682390421849
54134,-1.4826528484990733
54141,-0.878212509921666
54142,2.823519390553194
54143,0.8315116747644646
54144,0.5
54151,-1.571899463050401
54152,-1.4277916213201323
54153,-0.7455264067090352
54154,-1.1552185269447215
54161,-3.1072466847417184
54162,-2.832498820575444
54163,-3.617033157196478
54164,-0.5260271411895507
54211,-0.5719227432740018
54212,-0.42640786833601496
54213,-1.2312598352486588
54214,-1.052760386256954
54221,-1.8300046210005934
54222,1.026582401772416
54223,-1.6708216310681996
54224,-1.2203462464204802
54231,-0.34268053935546827
54232,-0.8340889969506242
54233,-1.3777331415597602
54234,1.4739814807559706
54241,-0.40167329037621813
54242,-0.36286094086453724
54243,-0.31115549663174874
54244,-0.20015087568261014
54251,-0.5597866334569718
54252,-1.0186905376999316
54253,-0.844085011103233
54254,-1.094284816884244
54261,-0.9181226391676806
54262,0.8432858780793369
54263,-1.5981510615747498
54264,-1.2721736041127107
54311,-0.817763341480758
54312,-0.8776096768492593
54313,-1.0674727755124183
54314,-0.8085647274738306
54321,-0.31962811402610464
54322,-0.08145352052740673
54323,-0.3073598674934931
54324,-0.41005704275075017
54331,-1.280880333506274
54332,-0.48021371382056155
54333,-0.8856723599301466
54334,-1.2889738312726768
54341,1.299177583394245
54342,0.5
54343,0.5
54344,0.5
54351,0.10610612815140952
54352,0.20301799709499135
54353,0.5
54354,0.5
54361,-1.3796333929561673
54362,-1.288364214636594
54363,-1.0920714205018047
54364,-0.719338725144714
61111,-5.010818346418252
61112,-1.15875702686152
61113,-5.016374997283073
61114,-5.744771394824088
61121,-4.092341368399662
61122,-8.534579071657928
61123,-5.593800726953154
61124,-8.277266416854708
61131,-7.896614049424384
61132,-4.481449768906147
61133,-2.2402346535690665
61134,-8.187866000441062
61141,2.331514151551381
61142,-0.09295097261372572
61143,-1.6477100543432832
61144,-1.1525070268284474
61151,0.8027446194118532
61152,-3.733422507117945
61153,-3.1842374189871334
61154,-7.04191416023899
61161,-5.033396709651412
61162,-1.2758443395422814
61163,-4.582875760760699
61164,-8.997862409885236
61211,-2.3911822007090873
61212,-2.2703699154811448
61213,-0.03389036366320969
61214,-2.5390189028910517
61221,-2.17274972785454
61222,-1.5792541143556988
61223,-1.9890484457175561
61224,-2.2636357051365783
61231,0.4007330805933323
61232,-3.482783149762261
61233,-3.0200073425410547
61234,-1.8864962274983148
61241,-0.6838268359593136
61242,-0.5514004912558546
61243,-0.575
61244,0.9112097172613886
61251,-0.4915238840221359
61252,-1.4410954696761313
61253,-1.3474905223471854
61254,-1.3437564169602054
61261,-1.7760728540905864
61262,-1.7587744554152391
61263,-2.13969609002692
61264,-1.0297172957037546
61311,-0.4760832785815838
61312,-2.304084629785551
61313,-2.6850532595627357
61314,-1.8162597042398865
61321,-0.8915116321966595
61322,-1.6731495524026732
61323,-0.6650886251259254
61324,-0.6267846068670316
61331,-0.9830401082845643
61332,-0.5401999713295631
61333,-0.8569951241855444
61334,-0.8660044514034377
61341,0.2737296096773941
61342,1.3791381473102695
61343,0.5
61344,0.5
61351,-0.5272760762111648
61352,-0.6055086903772913
61353,-0.03841945991412224
61354,-0.6588158538204205
61361,0.3843680332537006
61362,-1.7778959857474002
61363,-3.95185592425676
61364,-1.518894438224733
62111,-7.837739776315514
62112,-6.586040522411256
62113,-2.265298014327193
62114,-5.511977003400788
62121,-7.080728739304336
62122,-7.480878419171482
62123,-4.5840031206350975
62124,-8.580245597071837
62131,-1.692258280706703
62132,-4.524220180604658
62133,-4.9796440794778825
62134,-5.441832442772234
62141,-0.4881294739091512
62142,-0.15616149655946443
62143,0.09627815116799997
62144,-0.18852522311080838
62151,-4.157583972683807
62152,-7.113733936560536
62153,-4.668292204401202
62154,-6.305534196259874
62161,-1.796536009311241
62162,-7.709096486153614
62163,-6.664761990822975
62164,-7.649942696887283
62211,-2.370812322043127
62212,-1.8156972985814805
62213,-1.5075386343880761
62214,0.5346634128525758
62221,-0.6514230453626948
62222,-2.4743902250169136
62223,-2.5282923213018407
62224,-3.1344088584337237
62231,-3.100074279574746
62232,-0.7177962773282028
62233,-2.851270447952192
62234,-2.0442591306462123
62241,-0.9818703152376876
62242,-1.1039475486786263
62243,-1.0247806465155116
62244,0.21435286049607222
62251,-1.6087778419423557
62252,-2.113878228695401
62253,-2.4021915112011354
62254,0.19406560497723763
62261,-2.5759171980106004
62262,-1.0181748530807433
62263,-2.482547081830457
62264,-2.829597090729955
62311,-0.6812083711384281
62312,-1.9695318710569727
62313,-2.447577156232567
62314,-4.028878825832907
62321,-1.6967140185458138
62322,-1.7091152005172723
62323,0.21709183351514777
62324,-2.0145676298388016
62331,-2.2749297300648292
62332,-2.125746182852077
62333,0.47567907019483213
62334,-2.9971789230434576
62341,-0.3636173068315319
62342,-0.43579996472252125
62343,-0.5113727671898778
62344,1.2650150361821046
62351,-1.2884092332771857
62352,-1.2849042417191658
62353,-0.750978104728464
62354,-0.136634519230597
62361,-3.0516741425623874
62362,-2.002831996156847
62363,-2.628426989825515
62364,-0.30452502057327346
63111,-9.192137899251952
63112,-9.723756935397748
63113,-1.971691270230174
63114,-8.946423491971174
63121,-10.805668010007608
63122,-10.875385942340975
63123,-7.767720107100618
63124,-12.427186427984967
63131,-5.128336446223547
63132,-5.320047964571824
63133,-2.3840180011156864
63134,-6.899975921883953
63141,-5.729909868210386
63142,-4.791479515885123
63143,-1.5491889270247503
63144,-2.5339956372818353
63151,-6.937746594620173
63152,-8.288578651506144
63153,-5.846541891517269
63154,-6.644144340690163
63161,-8.60132502787207
63162,-8.068653786942024
63163,-9.056516821274109
63164,-11.929286423533618
63211,-0.11754925094937557
63212,-2.049734862833406
63213,-3.139369780550328
63214,-1.3813505629794862
63221,-2.7049995886497387
63222,-0.9459150112022857
63223,-2.7387240700510245
63224,-3.900278367449466
63231,-0.2808660503384134
63232,-1.406457533737565
63233,-1.5431548928531296
63234,-1.6038265410215284
63241,-0.5802381580734952
63242,-0.9955734042368569
63243,1.0223598254767912
63244,-2.7519040615051598
63251,-2.055227927919991
63252,-2.5711661646711135
63253,0.3225826459000906
63254,-1.7084145365313164
63261,-0.46939907366219125
63262,-2.1729496496800422
63263,-1.9742326765050964
63264,-3.4389202900621116
63311,-0.837850299850134
63312,-3.3846478319779947
63313,-2.96295987573075
63314,-2.960026392229761
63321,0.5133590210851433
63322,-2.2108687258092674
63323,-2.4554661044839783
63324,-2.140501785770341
63331,-3.5252222800252118
63332,-2.792303075955594
63333,0.1888246040768915
63334,-3.198483317563526
63341,0.09172234955931777
63342,-0.050000000000000044
63343,-0.2055451472155949
63344,-0.24923286049076482
63351,-1.9460516638236416
63352,-2.7506154238188456
63353,-1.2804537096853288
63354,-1.597003215017545
63361,0.8409422048282407
63362,-3.4783267676714544
63363,-3.132841633194234
63364,-3.2051777383397164
64111,-3.348254970071441
64112,-14.828789498810515
64113,-12.222901731499832
64114,-10.894483765303534
64121,-4.346123467813006
64122,-9.516087111016398
64123,-9.668464735428653
64124,-10.425929950549016
64131,-5.591109551541662
64132,-4.761323739228558
64133,-2.7852087893206336
64134,-5.272481349799672
64141,1.2554858744379465
64142,-0.2734098202441704
64143,-1.2952791845948295
64144,-0.9201377393437328
64151,-3.0476396762739584
64152,-8.793283950748298
64153,-7.212908604923945
64154,-8.906538172506766
64161,-8.454716376082608
64162,-4.253141786206477
64163,-7.618370724187149
64164,-8.025520164610327
64211,0.542360957265945
64212,-2.2615306815626495
64213,-2.026833741872588
64214,-1.6568498848496354
64221,-2.5487846644630663
64222,-3.3540824702515026
64223,-2.3841269630707362
64224,-0.9298778478455512
64231,-1.940127465104931
64232,-1.9636692959003779
64233,-0.04989012331406539
64234,-1.9930972589252598
64241,0.10570910200000033
64242,-0.6377517066682439
64243,-0.050000000000000044
64244,1.1558585244554398
64251,-2.284805675961115
64252,-1.4305668917598293
64253,-0.9970734433586051
64254,0.15987789280336479
64261,-0.8994214635579281
64262,-1.8989082215999773
64263,-2.372654687020084
64264,-2.1010211106386985
64311,-1.7631500714619421
64312,-1.712218100148157
64313,-0.47830944309686163
64314,-2.1986581785063106
64321,-1.6596556275024343
64322,-2.0332430493020297
64323,-2.2067567138646678
64324,-0.7398779680431291
64331,-2.5773298162912655
64332,-2.348448023110286
64333,-2.43587009448686
64334,0.149187307839019
64341,-0.050000000000000044
64342,0.42828376090717457
64343,1.7544227807249306
64344,0.5
64351,0.3507769542890094
64352,0.7573325288464775
64353,-0.10952424969476215
64354,-0.360512621912352
64361,-1.6380415721058292
64362,-1.0199293864263355
64363,-1.571023395128843
64364,-1.8070170171972904
71111,-8.852202374835784
71112,-14.3332773485181
71113,-3.46794431714675
71114,-11.725835270644751
71121,-8.170812656276928
71122,-9.181823751091253
71123,-9.540771778890887
71124,-8.788951859596857
71131,-7.344497133955487
71132,-4.470726856820569
71133,-6.756487007816099
71134,-7.326056365850162
71141,0.5434557438913301
71142,-1.4682348253150843
71143,-1.0954925134963098
71144,-4.27301621601663
71151,-4.842737624570789
71152,-7.781940309760225
71153,-4.76355616377001
71154,-3.0782483597649812
71161,-6.959727217430441
71162,-7.25581695471306
71163,-1.8405701944730162
71164,-14.889529361029409
71211,-2.226844724707111
71212,-3.132631733558498
71213,-4.302840453895199
71214,-3.1476237861877046
71221,-1.8073767630622837
71222,-1.5325434115418661
71223,-2.482342944012066
71224,-1.6621413281655901
71231,-4.268899860052372
71232,-0.6953876240198498
71233,-3.224502784735873
71234,-2.7566255365898296
71241,0.3461594409278664
71242,-0.050000000000000044
71243,-0.050000000000000044
71244,-0.15271639478843968
71251,-1.0526561960366123
71252,-1.4860259959267532
71253,-1.0421035125087692
71254,-0.6453761767872926
71261,0.2895432664473911
71262,-1.7548430645416733
71263,-1.6615077755040166
71264,-1.7025707465349325
71311,-2.0939496828642272
71312,-1.5319891384612498
71313,-1.4661912474097585
71314,-0.3819445267332159
71321,-1.7048181094517725
71322,0.34257224600948
71323,-2.895580346635654
71324,-1.956546947405783
71331,-1.8783803645762918
71332,-2.631960832003771
71333,-2.0872449527955084
71334,-0.938342904169321
71341,-0.33714721318575
71342,-0.55
71343,-0.4126649162951257
71344,0.7147756691299599
71351,-0.8270615000540966
71352,-2.8742663631864156
71353,-0.908458033258102
71354,-2.892457341551692
71361,-1.9530837306289461
71362,-1.6438735800114528
71363,-2.51814514325582
71364,-0.7146617066152748
72111,-4.99770472415624
72112,-10.202486514526147
72113,-9.326028988780234
72114,-9.307734719747994
72121,-10.746125715465613
72122,-11.723682925296448
72123,-7.580121674611718
72124,-10.909707179115985
72131,-6.8303107274357835
72132,-6.8483442597483535
72133,-4.2741343645975505
72134,-6.669755282023295
72141,-0.6737275240995484
72142,-2.824723214364349
72143,-1.6379465234456707
72144,-1.9151702409911724
72151,-2.7650701052859223
72152,-5.06911710738537
72153,-5.270417453234298
72154,-6.1866229434929
72161,-3.126149604017492
72162,-8.110927052957694
72163,-7.722359783767988
72164,-11.18605154379032
72211,-1.058962694468666
72212,-4.373407477232334
72213,-2.676484324086567
72214,-2.402970167949963
72221,-3.293926042798342
72222,-1.9186087710247823
72223,-2.861730534697625
72224,-2.818565020769721
72231,-1.6648093703369913
72232,-3.0524426787549888
72233,-2.7744934118769358
72234,-2.778122794570936
72241,0.16085753572576134
72242,-0.5662048623269567
72243,0.9772933097328648
72244,-0.11659025796616485
72251,-1.914869002427332
72252,-2.1393584759831854
72253,-1.6271554209217447
72254,-1.8729497810254832
72261,0.07870091248842023
72262,-2.963379776505713
72263,-2.7587747102146416
72264,-3.387768417985018
72311,-3.015556086640764
72312,-2.986887670709058
72313,-0.4586767309703434
72314,-2.633708948046687
72321,-2.0991179827668303
72322,-0.5749129238089286
72323,-2.9804866698968344
72324,-3.4666707481864485
72331,-2.7011247939545773
72332,-0.6694887690938732
72333,-3.539615166464028
72334,-3.3246453260154816
72341,-1.694317796407165
72342,0.7541777030741772
72343,-0.8325109356884625
72344,-1.4152918326581925
72351,-0.1495084548888937
72352,-1.2242044327112696
72353,-1.2845853485662755
72354,-1.1000679716153643
72361,-1.8891806573407888
72362,-3.1054388723599438
72363,-3.0694638621752945
72364,-3.4581389847203563
73111,-13.032702257720953
73112,-7.598642824947607
73113,-13.7800322553422
73114,-13.352243842625018
73121,-11.88561444080828
73122,-10.354735989702283
73123,-11.248787357487847
73124,-12.076183065273508
73131,-6.8820332858323185
73132,-6.899639757075426
73133,-4.562027778828891
73134,-11.18655017749784
73141,-3.6299024399082085
73142,-10.16314917361046
73143,-4.960485671320635
73144,-3.3689253866113527
73151,-6.654018882824801
73152,-6.988301837460328
73153,-7.247435395294799
73154,-7.7286811287313135
73161,-10.668459575857483
73162,-9.439812855551736
73163,-3.7475843443984855
73164,-10.252921737818259
73211,-2.8673633823221825
73212,-2.477106355980648
73213,-2.941548643861802
73214,-2.5305342246127758
73221,-3.1535110405004705
73222,-3.0171757574669
73223,-1.5948961161474817
73224,-3.3092508151761963
73231,-0.7918164953526979
73232,-3.0487466293841154
73233,-2.22016543926476
73234,-3.3502587996163147
73241,-0.35021634175062777
73242,-0.91205
73243,-0.11393075192217839
73244,0.0936425985989444
73251,1.4763309909235178
73252,-1.59525
73253,-2.5264388780694462
73254,-1.3070532068998575
73261,-0.2727702089815036
73262,-1.8591652440368238
73263,-2.906550377118166
73264,-3.882579528995043
73311,-2.9878307093365457
73312,-0.7528048951752411
73313,-3.082763037690042
73314,-3.226190157397795
73321,-2.183665728894997
73322,-2.8252413349778944
73323,-1.8792966878877053
73324,-2.02969580037756
73331,-2.6423939149201683
73332,-2.7448252051331528
73333,-3.1718220238166
73334,-0.8710757285250647
73341,-0.5656315184247985
73342,0.9862140073795687
73343,-2.0041262100331183
73344,-0.9739386984155813
73351,-0.10447531721799752
73352,-1.5462937019710579
73353,-1.4898611475898602
73354,-0.9799712861835537
73361,-0.18097226162011826
73362,-2.573590812128062
73363,-3.3318128209563445
73364,-2.599958674687488
74111,-9.668420157229848
74112,-6.651339837659055
74113,-12.818454210297537
74114,-14.268723019305568
74121,-11.157645666956071
74122,-19.31270903922036
74123,-11.567344970175403
74124,-7.720507249193224
74131,-11.61498613532012
74132,-8.268808555121868
74133,-3.2418854071853342
74134,-11.267243114092821
74141,-1.5710607286187641
74142,-0.6140937743552366
74143,-0.8809015062449803
74144,-4.122196911792546
74151,-7.435653724414417
74152,-4.514265043797409
74153,-7.430904342244069
74154,-10.498930564929292
74161,-13.594058146361625
74162,-2.5050562042670057
74163,-9.994090966406635
74164,-10.003614097646643
74211,-2.992600893618818
74212,-1.3189742118105474
74213,-3.0148474671924643
74214,-3.045051015722382
74221,-2.6164363364941092
74222,-2.580639447880557
74223,-2.086076330988146
74224,-3.025293623111681
74231,-2.488184439710177
74232,-0.758099368314565
74233,-1.9628610235569652
74234,-2.015967179211559
74241,0.45
74242,-0.050000000000000044
74243,-0.009589037187531568
74244,1.7880348881378794
74251,0.6479827579349495
74252,-0.8080371653260598
74253,-2.4576183065300743
74254,-1.4555498592032061
74261,-2.1789000165402435
74262,-2.1264511314421637
74263,-1.0669819915859444
74264,-2.544822105568647
74311,-3.558543946890949
74312,-1.2001523165219081
74313,-2.432578963829342
74314,-2.7954836700957664
74321,-3.912515318359681
74322,-2.9935996775416323
74323,-1.2552652095483339
74324,-2.8151740599485953
74331,-2.19917408674526
74332,0.17552256623543752
74333,-3.3665077790751514
74334,-2.800809374450763
74341,-0.050000000000000044
74342,-0.24962747105156957
74343,-0.8119551397671048
74344,-0.08957377294789493
74351,-0.43136350972672066
74352,-1.674153563160072
74353,-0.453841807901495
74354,-0.7009142312581543
74361,-1.492524432019246
74362,-2.38778333755506
74363,-0.02903975801292462
74364,-1.5954303171516715
81111,-4.868906796806997
81112,-4.409990047629056
81113,-3.090967646638587
81114,-5.266066257378092
81121,-11.150445351684372
81122,-8.04931324509877
81123,-7.87652174189114
81124,-7.984557880406551
81131,-6.022747445994399
81132,-1.8290391010229277
81133,-4.701755785061273
81134,-5.594072054816847
81141,-6.054888349915825
81142,-1.5007314873130277
81143,-0.7647602168100026
81144,-1.0750000000000002
81151,-5.946304775561282
81152,-2.5607954329322244
81153,-2.86318885012919
81154,-0.9400422653904685
81161,-4.169883273665615
81162,-4.644204892956449
81163,-2.373677351669745
81164,-4.812124783908827
81211,-1.7150522807517996
81212,-1.836963210694027
81213,-1.789493961103291
81214,-0.7333784101965852
81221,0.2614716515150355
81222,-2.469566911846537
81223,-3.6188614993229127
81224,-2.290529489376575
81231,-0.6128138922842115
81232,-0.8727564662570365
81233,-0.9799260904228426
81234,-1.7683133241207356
81241,1.566817745011641
81242,-0.050000000000000044
81243,0.5
81244,0.5
81251,-0.6704721298497092
81252,0.13458881673450257
81253,-0.6207386708786898
81254,-0.5678775109610938
81261,-0.7280568662603123
81262,-1.0500877708577394
81263,-1.3941288527380866
81264,-0.9887109151260406
81311,-1.7428553589083435
81312,-1.9580882999601177
81313,-0.3305611250503351
81314,-1.6564820992599958
81321,-1.3703275528211112
81322,-1.1958150814171598
81323,-1.0216202228096027
81324,-1.1087965705463778
81331,-2.5344220726019344
81332,-2.1677814677598475
81333,-1.690409249555696
81334,0.1894923175079981
81341,-0.08575480707905914
81342,-0.5615244566383579
81343,-0.5447518030841161
81344,-0.5247607730358241
81351,-0.7111651428859308
81352,-0.5808864345024496
81353,-0.32366981159135155
81354,-0.47819031170924603
81361,-2.092966622262958
81362,-1.6704053630737983
81363,-2.404465940211163
81364,-1.5393458358147936
82111,-6.083848820640567
82112,-3.7994442940382918
82113,-6.0065407207837485
82114,-7.324212839249324
82121,-7.8693850965565915
82122,-7.480615332258081
82123,-7.3670718308681415
82124,-7.243426359975875
82131,-8.392848364658422
82132,-7.163564645746308
82133,-2.5132871830261134
82134,-5.582229502328778
82141,-0.7619398211444355
82142,-0.22665634094252424
82143,-0.6026256393952254
82144,0.49228305438394054
82151,-4.968151017139382
82152,-4.325582807956518
82153,-3.906940879469893
82154,-5.755491081664345
82161,-6.333490377998057
82162,-3.470325814445431
82163,-5.440386075769011
82164,-9.184365246596744
82211,-2.0330655088697793
82212,-2.9753378069397423
82213,-2.6830258052859923
82214,-2.1739026216765938
82221,-2.7915156600429123
82222,-2.7615328285686473
82223,-2.658183065031273
82224,-1.7826866608959882
82231,0.17962571389168336
82232,-1.8039353675592864
82233,-1.204502852560443
82234,-1.8968078052962376
82241,1.2085476934617296
82242,-0.325
82243,-0.4122067227983657
82244,-1.4206892102905249
82251,-2.6366233693143375
82252,-2.8438297705591893
82253,-1.6601694816946218
82254,-0.13632201421650067
82261,-0.8387548512473075
82262,-2.3051242771322897
82263,-2.736995452378186
82264,-1.92376456003524
82311,0.2153545574474669
82312,-2.0377272790513383
82313,-2.8830796559321543
82314,-2.6833364567021887
82321,-2.2650455407555077
82322,-1.9399062369160827
82323,-2.1779860519955263
82324,-3.067758051133725
82331,-1.1908429417680122
82332,-3.199417906276839
82333,-2.612924116653232
82334,0.7249272093258475
82341,-0.6666431596603954
82342,-0.66686628389966
82343,-0.48324058322131735
82344,-0.6242186887388451
82351,-1.4026314851639317
82352,-3.7280410014525045
82353,-0.5943403699150668
82354,-1.7167607084686396
82361,-2.82355360837276
82362,-2.325
82363,-2.0540734854760143
82364,-1.1541105393466262
83111,-5.387666333178665
83112,-9.054412537943946
83113,-7.319533730734236
83114,-6.204037952040581
83121,-5.554154864567922
83122,-8.761562934058224
83123,-14.2229796241714
83124,-8.932017595698134
83131,-11.100040550815729
83132,-4.816040735798667
83133,-1.5845164293233318
83134,-7.165554378334376
83141,0.9323899935165795
83142,-0.9666963480105639
83143,0.16757483845408405
83144,-4.910466394096527
83151,-3.467375415306035
83152,-4.883164880520475
83153,-4.979981708335673
83154,-4.077781540585164
83161,-5.1151169881839635
83162,-7.513743742795894
83163,-7.879338873239831
83164,-10.677064075952321
83211,-2.7823777963924083
83212,-2.839884375865962
83213,-1.406351586866855
83214,-1.6389178255577534
83221,-1.001133241582166
83222,-1.866741066522784
83223,-2.666477232541769
83224,-2.798120765900598
83231,-2.062870139063482
83232,-2.012751890139284
83233,-1.5291938452760405
83234,-0.8388459258406453
83241,-1.449769561430762
83242,-1.0633028290884956
83243,-1.325
83244,0.9776514961569841
83251,-1.93542460716841
83252,-2.611072303943558
83253,-1.5745711455377835
83254,-0.7517895077468295
83261,-0.5517104693681776
83262,-2.4335677581498105
83263,-1.1132829799390906
83264,-1.846350554404566
83311,0.35554176293550693
83312,-2.372219787154382
83313,-3.100265459427338
83314,-3.785112835632596
83321,-1.8755896557905893
83322,-2.784425301854765
83323,-3.433653040680892
83324,-2.414355279950186
83331,-1.6567064568224814
83332,0.24535032809511614
83333,-2.079352598506918
83334,-1.9565984089104533
83341,-0.36893278065469415
83342,-0.8718425910402495
83343,0.9033819157854093
83344,-2.39884
83351,-2.5037365622625902
83352,-1.7665000000000002
83353,-2.120188534064665
83354,-0.49398032175477935
83361,-2.8248520149645326
83362,-0.4415811627542713
83363,-2.310262962197841
83364,-2.462374617674266
84111,-10.808391932376388
84112,-16.81356880939966
84113,-5.286230499402751
84114,-7.693337138640232
84121,-9.934049982805803
84122,-11.149703631288409
84123,-6.7839548708748785
84124,-10.868718442542812
84131,-5.238228289592268
84132,-2.934338245123111
84133,-5.432905359942328
84134,-7.578406126926723
84141,-1.0297153194251272
84142,-1.6178335614852282
84143,-0.8452021626705475
84144,-1.501634369416879
84151,-9.237430342177902
84152,-1.150642800255401
84153,-4.4977725453282735
84154,-8.400507851145841
84161,-10.054654272276395
84162,-8.35042186566237
84163,-3.6260145832124215
84164,-8.389676405723986
84211,-1.368353199573161
84212,-1.4808900428852694
84213,-1.131130499764067
84214,-0.8024919988342105
84221,-2.2232075481888653
84222,-1.8701684213933432
84223,-1.5480608483706086
84224,-2.582812894904948
84231,-0.005161603839023643
84232,-1.5056405627825615
84233,-2.75252596327433
84234,-1.450783932667054
84241,-0.09006777342892125
84242,-0.6220968855368336
84243,0.8053748042552908
84244,0.2676847518309876
84251,2.6547623285972874
84252,-0.15409789253149897
84253,-0.8556318049738629
84254,-0.09117551601019303
84261,-1.343166567522084
84262,-1.448088186112
84263,-0.3214841542421238
84264,-2.450735437507564
84311,-2.140999886309732
84312,-2.642382407012838
84313,-2.435064341426339
84314,-0.8442096130055672
84321,-2.4076652437503068
84322,-2.038787712134761
84323,-1.9927683012109365
84324,-0.8865762245168727
84331,-1.7198001133064658
84332,-1.8967334252189572
84333,-1.8714119978000077
84334,0.45730056040526906
84341,0.2784307240066152
84342,0.03758201680839751
84343,-0.007403301714913768
84344,1.277060942835929
84351,-1.6222449271540835
84352,-1.4509811282463243
84353,-1.9836189034631835
84354,-1.2024741350604562
84361,-1.434303357422062
84362,-2.508659993603752
84363,-1.890324146725354
84364,-0.17816660234255166
91111,-2.6425778362531167
91112,-7.338002017701854
91113,-8.527536847489099
91114,-7.490286049768031
91121,-8.144897454422107
91122,-14.654402687532816
91123,-5.626907487293906
91124,-7.426653662239795
91131,-3.436644098186218
91132,-4.491867181573047
91133,-4.385299985105948
91134,-8.15729619502836
91141,-3.952386697926527
91142,-1.656114852500348
91143,1.7621620607403903
91144,-3.0275735784533295
91151,-2.8283107145718276
91152,-3.070848300395874
91153,-2.453831655600644
91154,-2.3106820284680687
91161,-7.090707253134548
91162,-6.691781462010954
91163,-1.9107962355553951
91164,-8.89785224838855
91211,-2.6571538640684293
91212,-2.371281700389312
91213,-0.9434680360822367
91214,-2.787591044520779
91221,-0.9237044638775445
91222,-3.141557362443357
91223,-2.9713265242123077
91224,-2.36161566243927
91231,-0.5833634367597949
91232,-2.2671973050448604
91233,-1.5589328122740755
91234,-1.9856275213724761
91241,-0.16099673387520003
91242,-0.17512522884046344
91243,-1.6225
91244,-0.02941705306709752
91251,-2.565036574782618
91252,-0.6747482516908885
91253,2.2580957210738144
91254,-1.1270903796438607
91261,-1.1049869037528257
91262,-2.40003774638009
91263,-2.91456538761003
91264,-1.6866570892218542
91311,-3.134276787753894
91312,-2.7094857395257677
91313,-2.601153587611342
91314,-0.019834225699643937
91321,-2.5120338871692605
91322,-1.333853952564609
91323,-1.7067369732799562
91324,-1.3064519451023995
91331,-2.277143826742189
91332,-2.6769480981757745
91333,0.6639531991637333
91334,-2.902147772486135
91341,0.4938264982756819
91342,0.08734206787581955
91343,0.5
91344,0.5
91351,-1.8621145728558852
91352,-1.760598016871271
91353,1.0118319956056723
91354,-1.3621076735834503
91361,-1.8373691370279182
91362,-1.9036464427514084
91363,-0.950297601190377
91364,-2.306718918714907
92111,-4.204163385659417
92112,-8.264334134581219
92113,-9.238149016444801
92114,-10.65565820944187
92121,-9.122084700771719
92122,-9.800566894904998
92123,-5.518959905847598
92124,-13.69132965637745
92131,-5.808306294886172
92132,-4.754197298270084
92133,-6.825836280136732
92134,-6.435996514324008
92141,-1.2304802785897038
92142,-1.8666917985131317
92143,1.6996040125395955
92144,-1.9106669601796569
92151,-4.486227169217505
92152,-4.776479737720664
92153,-2.83109904121377
92154,-5.678622410830398
92161,-9.324215779621507
92162,-7.576550344278528
92163,-2.2245084006838405
92164,-7.2481789733748005
92211,-1.8510880004584789
92212,-2.239588541355936
92213,-1.690558438982759
92214,-0.8872784431897737
92221,-2.6770373182180642
92222,-3.4926396568026066
92223,-3.063531528612382
92224,-2.2848228222477056
92231,-1.44447098662804
92232,-2.082760922108786
92233,-2.08060784041595
92234,-2.334090839401532
92241,0.42201671180989314
92242,-0.8130867157685685
92243,-0.5589999999999999
92244,-0.7307594775182062
92251,-1.3457700956925116
92252,-2.1727525107465855
92253,-3.042832103982935
92254,-1.5313309470337557
92261,-3.136591384774478
92262,-3.118958592207056
92263,-3.194308420891886
92264,-3.3483702284735255
92311,-0.44903189207960903
92312,-3.9662745956263366
92313,-4.218445708909732
92314,-2.5332555585383325
92321,-1.8711376869783476
92322,-2.535592692463455
92323,-2.519609229392045
92324,-2.997447094162398
92331,-3.134764072736331
92332,-2.5108063324792798
92333,-3.3988972495245573
92334,0.33144391920418426
92341,0.9927327687746671
92342,-0.7626811129097353
92343,-1.0215
92344,-1.4146159529359177
92351,-2.4618241590549026
92352,-1.5547009611771487
92353,-1.7931793502409348
92354,-0.35913660570924355
92361,-2.3108093832340746
92362,-2.303378711747227
92363,-2.808679569528876
92364,-1.8401869402407778
93111,-7.366088134203807
93112,-5.5599089682765666
93113,-8.944980794261543
93114,-7.179490558534838
93121,-9.143139259373912
93122,-6.603263840680244
93123,-9.394179688358381
93124,-9.257395061691263
93131,-5.237177921934699
93132,-6.604257863678984
93133,-6.870776625522117
93134,-7.645766818373134
93141,-1.6671110672918805
93142,-1.5195929459932314
93143,0.06055199886556695
93144,-1.613158518010935
93151,-4.957403739837814
93152,-4.8220645150701404
93153,0.22142706672672255
93154,-5.428536239228533
93161,-7.824250454774411
93162,-9.593881718844539
93163,-2.6584258264172127
93164,-8.411021447867396
93211,-2.6907030439871176
93212,-2.733520469955645
93213,-2.3618929426467243
93214,-0.972716593432976
93221,-1.8992828869941716
93222,-2.6373616242020135
93223,-2.862360280924783
93224,-2.7575216888592196
93231,-2.898970966766619
93232,-2.960789893474345
93233,-1.602792183523689
93234,-3.590792360315606
93241,-2.0404999999999998
93242,-2.080385304481843
93243,1.8815455838245405
93244,-1.7458543038767709
93251,0.2610045527667063
93252,-2.4185370510052673
93253,-2.9253365724823617
93254,-2.2941510326931924
93261,-3.060018696660968
93262,-4.174483829342912
93263,-1.56853403642386
93264,-3.5305756486689246
93311,-2.8965991947294505
93312,-3.8814019982920525
93313,-4.606899128932404
93314,-1.4652344317050308
93321,-2.9733000401107432
93322,-2.610739684779643
93323,-1.4215226180943743
93324,-2.724823591930537
93331,0.6567691695724585
93332,-1.87204989983227
93333,-1.957412317444799
93334,-2.09577178587927
93341,-1.5447238407080954
93342,-0.9891659797606426
93343,-1.720930416412899
93344,0.425258943621341
93351,-2.0790837780877145
93352,-4.827524145819606
93353,-1.3885865072594088
93354,-0.035600245360869226
93361,-2.174291636299162
93362,-2.034927011511294
93363,0.9391822701335737
93364,-2.0143664521958176
94111,-11.014040769483
94112,-13.544151101578763
94113,-9.61781272580463
94114,-12.493417254283315
94121,-10.975333390347643
94122,-12.615600677213276
94123,-7.651315708698927
94124,-11.943547318028084
94131,-3.5813191063339387
94132,-5.5430704343710575
94133,-5.623598891446089
94134,-8.95444662752859
94141,-2.1315447263184706
94142,-1.2335487404564986
94143,3.3355809422711147
94144,-1.0643732369848378
94151,-8.298140473897462
94152,-9.65585672690715
94153,-5.019381382009557
94154,-14.518937845947452
94161,-10.04915685142397
94162,-10.147356482424074
94163,-0.2037506741836052
94164,-10.913502592691533
94211,-1.6211162339425125
94212,-2.681960524562378
94213,-2.5304653019849574
94214,-3.1963657678842314
94221,-2.6015226216378737
94222,-1.9758357461711742
94223,-1.2898735017917724
94224,-2.766537531443107
94231,-1.2219433714723462
94232,-2.5022208853514485
94233,-2.056125720783553
94234,-1.8171598183182451
94241,0.085698
94242,-0.08300000000000002
94243,1.4680036389282596
94244,0.08288517942885265
94251,0.7645345901694341
94252,-1.4323170846758297
94253,-1.270871959318489
94254,-2.0192763832536027
94261,-2.083054540305969
94262,-1.731831595135437
94263,-2.377870397251832
94264,-2.704116967203806
94311,0.02374860245317495
94312,-3.2996059262077835
94313,-1.5678823373323931
94314,-3.105368059197082
94321,-0.3865048252010588
94322,-1.9753783467224553
94323,-2.3663437567992993
94324,-2.1042629130859845
94331,-2.5995805545925244
94332,0.5023700707583417
94333,-3.294928006702709
94334,-2.4686689438759264
94341,0.28968573969981914
94342,-0.050000000000000044
94343,-0.3130602168266605
94344,0.10202312325293783
94351,-0.5861707003393132
94352,-0.4984548239506089
94353,-0.6648004511418526
94354,1.1724774193973069
94361,0.24266046619958592
94362,-2.2260059114275754
94363,-2.11129002842468
94364,-2.251646192291486
